2.7728194019
2.7742932061
2.7705374713
2.7704845799
2.7710833590
2.7711139988
2.7716047801
2.7648114226
2.7638216522
2.7600414862
2.7653411970
2.7689499231
2.7688781286
2.7691165017
2.7623802400
2.7664979224
2.7674849213
2.7688762702
2.7653502974
2.7658410326
2.7654566897
2.7749287232
2.7775029971
2.7748946876
2.7735719920
2.7695739506
2.7691605079
2.7651918705
2.7602654337
2.7645107363
2.7627449245
2.7649890072
2.7613578997
2.7608771514
2.7635528984
2.7657577672
2.7693072145
2.7607376568
2.7635504072
2.7627237442
2.7671049208
2.7675659866
2.7657878502
2.7656066293
2.7671541107
2.7641110419
2.7673982714
2.7677646599
2.7675762447
2.7698138713
2.7708932803
2.7758860877
2.7716669829
2.7693207986
2.7689073716
2.7706744011
2.7728888445
2.7751400333
2.7723306014
2.7721615807
2.7768742169
2.7767486993
2.7759906912
2.7726958891
2.7718270459
2.7657798581
2.7690848394
2.7659745738
2.7688916193
2.7659764784
2.7619983210
2.7644903481
2.7646781495
2.7672592719
2.7684731393
2.7687499166
2.7643621511
2.7688640050
2.7682692927
2.7724958658
2.7707694901
2.7670705477
2.7674411371
2.7692675224
2.7734670265
2.7705959008
2.7743272848
2.7713929999
2.7697212794
2.7643141614
2.7636129824
2.7693225155
2.7708222050
2.7713058279
2.7684140480
2.7683077494
2.7706525287
2.7785271376
2.7770080323
2.7760461449
2.7759213111
2.7718158432
2.7769775993
2.7743288353
2.7821511184
2.7759874584
2.7785694679
2.7722312852
2.7766904129
2.7751319942
2.7774778278
2.7740651925
2.7780733830
2.7775198793
2.7758505993
2.7739425221
2.7745632639
2.7693364868
2.7719533019
2.7697764245
2.7684409863
2.7663395894
2.7636293790
2.7637494406
2.7669104917
2.7668887067
2.7639244069
2.7705942168
2.7719659392
2.7739986896
2.7705169132
2.7685201988
2.7725087761
2.7720138720
2.7720077060
2.7747287141
2.7751907981
2.7771479011
2.7786816007
2.7710962803
2.7740477193
2.7789289273
2.7785793285
2.7766233870
2.7699088828
2.7715999849
2.7733617960
2.7724115122
2.7748427002
2.7774179572
2.7781409601
2.7748110906
2.7762467893
2.7752819453
2.7705580581
2.7728663031
2.7689201777
2.7684853550
2.7631217471
2.7713652964
2.7738224522
2.7738358240
2.7723174561
2.7641945949
2.7709604150
2.7695827399
2.7755474191
2.7759437159
2.7795179997
2.7789663892
2.7740056675
2.7740492124
2.7768625348
2.7774973455
2.7708309614
2.7745038596
2.7739640024
2.7799018106
2.7765355389
2.7751107877
2.7761299568
2.7836564132
2.7831538079
2.7786625391
2.7806887259
2.7828418462
2.7849482664
2.7856291244
2.7807935703
2.7788670595
2.7785252684
2.7775386961
2.7773665190
2.7811841977
2.7799493011
2.7759387133
2.7742657552
2.7778322564
2.7820804246
2.7803633317
2.7834891857
2.7824725020
2.7837864242
2.7855837703
2.7864979019
2.7833570973
2.7813560030
2.7752104371
2.7789645218
2.7860652817
2.7843513806
2.7835428282
2.7805500374
2.7800856558
2.7747263492
2.7740486411
2.7755012309
2.7753888182
2.7749016921
2.7717779993
2.7742842472
2.7746377212
2.7762711026
2.7749391385
2.7732726427
2.7795558012
2.7792290351
2.7835944629
2.7815373747
2.7768433495
2.7839587481
2.7815060313
2.7792054320
2.7776270927
2.7776105081
2.7801063028
2.7808020105
2.7828716029
2.7843838178
2.7844775028
2.7824735702
2.7797444080
2.7768752915
2.7783197477
2.7811888413
2.7822374364
2.7809626387
2.7849671095
2.7902653634
2.7875365742
2.7859436631
2.7816808027
2.7819829205
2.7760615823
2.7727337601
2.7770281660
2.7775576425
2.7794715542
2.7784010397
2.7762977536
2.7717970466
2.7691023328
2.7757086694
2.7782314661
2.7797168709
2.7810075085
2.7792918044
2.7767223817
2.7741877844
2.7741080988
2.7699138798
2.7711606504
2.7707156447
2.7652832344
2.7638166764
2.7676559680
2.7714411437
2.7669935465
2.7663348635
2.7711286145
2.7769742983
2.7734579975
2.7788063621
2.7735612209
2.7709528531
2.7742954969
2.7758088238
2.7780360961
2.7787983046
2.7741966433
2.7758774016
2.7714719337
2.7711895067
2.7735225438
2.7755591119
2.7716690257
2.7745189364
2.7728331760
2.7675945461
2.7717029363
2.7726591586
2.7675843080
2.7660344749
2.7658391590
2.7681755051
2.7683674208
2.7670506721
2.7654220208
2.7712284145
2.7719621722
2.7692905216
2.7689487316
2.7670523358
2.7666792680
2.7658448505
2.7621735603
2.7646245406
2.7651438196
2.7678798777
2.7690080673
2.7712631611
2.7689565439
2.7731475023
2.7706273770
2.7699226198
2.7731784183
2.7713320557
2.7647868477
2.7624939971
2.7664263197
2.7689226475
2.7639303183
2.7685085761
2.7705600020
2.7753089452
2.7773806195
2.7789615428
2.7783184269
2.7805606068
2.7828544793
2.7795830758
2.7714203277
2.7735092005
2.7765533702
2.7749138605
2.7787425102
2.7773790625
2.7756258490
2.7739629864
2.7779751260
2.7768744979
2.7740134077
2.7751187545
2.7737160768
2.7715356113
2.7710040847
2.7712858686
2.7762153253
2.7723531347
2.7781911573
2.7744844823
2.7746972764
2.7732720999
2.7728488187
2.7650519473
2.7701769524
2.7766443507
2.7739307288
2.7705807719
2.7733869340
2.7769497276
2.7782347511
2.7797792250
2.7779868234
2.7834688595
2.7790577419
2.7782696034
2.7769740036
2.7784412993
2.7766158847
2.7778325295
2.7764595796
2.7769869450
2.7768578502
2.7803050441
2.7841847319
2.7768785159
2.7764605109
2.7769030837
2.7776298360
2.7834841215
2.7787112762
2.7831200443
2.7824680420
2.7794276981
2.7822457590
2.7757900714
2.7731134281
2.7679453954
2.7665650045
2.7715838414
2.7755148678
2.7716440046
2.7722917041
2.7713687646
2.7726317022
2.7737502252
2.7756404728
2.7761696000
2.7742750364
2.7726342038
2.7717542558
2.7744699012
2.7705373243
2.7634165899
2.7648850595
2.7647525657
2.7749063793
2.7721493366
2.7717423756
2.7721158046
2.7720095201
2.7753876528
2.7752006844
2.7774229990
2.7738211653
2.7763125364
2.7748176044
2.7682574677
2.7656509182
2.7664033290
2.7748798847
2.7818890273
2.7813499199
2.7845609604
2.7840574796
2.7798843039
2.7821292041
2.7816504132
2.7809672064
2.7814396052
2.7801059100
2.7783680776
2.7767794156
2.7785052788
2.7804820805
2.7817511738
2.7744078296
2.7724660250
2.7732746390
2.7664961984
2.7681238162
2.7683601645
2.7725270854
2.7754461306
2.7775942427
2.7784785235
2.7789901133
2.7814689066
2.7828300841
2.7850241727
2.7821261343
2.7816815012
2.7831372870
2.7826044453
2.7836365555
2.7830229011
2.7837001952
2.7809414219
2.7796370818
2.7746043138
2.7762881415
2.7728471545
2.7773086422
2.7823626703
2.7825863615
2.7823225808
2.7848421831
2.7791099056
2.7740975997
2.7752944441
2.7699581011
2.7699240938
2.7699650556
2.7752986295
2.7795708262
2.7804609790
2.7790410923
2.7821127383
2.7870519999
2.7885260610
2.7921082660
2.7915238702
2.7848239572
2.7818824879
2.7802731864
2.7770803987
2.7754305752
2.7781171061
2.7775684094
2.7825800739
2.7838288861
2.7824106225
2.7812046207
2.7802229632
2.7775935983
2.7728433141
2.7708116890
2.7739588225
2.7739214611
2.7727127229
2.7729407346
2.7780666076
2.7773109891
2.7763764575
2.7695990783
2.7704750819
2.7705785332
2.7745079452
2.7763897020
2.7787122549
2.7781620950
2.7775736598
2.7769426611
2.7747522985
2.7758131258
2.7832114808
2.7826009952
2.7834777972
2.7779170911
2.7787631075
2.7782460299
2.7699239736
2.7678031279
2.7681962422
2.7688588399
2.7722788023
2.7720131261
2.7742158022
2.7768896104
2.7758235145
2.7804915481
2.7789784683
2.7762573772
2.7828402031
2.7856124167
2.7806497588
2.7791691332
2.7758385704
2.7723880649
2.7764422266
2.7813524172
2.7754805705
2.7761242950
2.7767665038
2.7764213969
2.7751122275
2.7751484966
2.7769029635
2.7791965950
2.7770648736
2.7726991312
2.7724970128
2.7715092883
2.7771104925
2.7774044317
2.7816807524
2.7765006164
2.7852324426
2.7819888699
2.7789910520
2.7872533215
2.7846035467
2.7804443859
2.7800440816
2.7795539827
2.7787727845
2.7823592288
2.7847614068
2.7838069337
2.7819921742
2.7797589920
2.7803202454
2.7801009828
2.7795588100
2.7747706944
2.7757268189
2.7761179750
2.7733971666
2.7730565587
2.7743866803
2.7719240769
2.7723447821
2.7786116225
2.7814869410
2.7791802815
2.7791370738
2.7723131560
2.7744557980
2.7744462825
2.7741407573
2.7767291784
2.7730037195
2.7731182745
2.7769584946
2.7767839157
2.7734354902
2.7738108701
2.7715611600
2.7739600138
2.7721414267
2.7748469875
2.7737009087
2.7744612228
2.7780626793
2.7696645729
2.7728669845
2.7802003065
2.7768793541
2.7770280030
2.7762057537
2.7791081048
2.7794612780
2.7776426442
2.7793182315
2.7801986080
2.7778743071
2.7727574454
2.7767958338
2.7716042716
2.7710832404
2.7747363841
2.7732929783
2.7755959541
2.7681645262
2.7672163469
2.7686387150
2.7743321595
2.7769335270
2.7731519211
2.7765669920
2.7747419709
2.7739426591
2.7702953736
2.7708686110
2.7724612743
2.7766389482
2.7792250448
2.7706783761
2.7715578854
2.7676181251
2.7776274379
2.7767408996
2.7795888954
2.7812267980
2.7823541675
2.7793081917
2.7811413029
2.7770242367
2.7757871352
2.7734662135
2.7766297280
2.7767706989
2.7738009128
2.7730929800
2.7723655313
2.7783037735
2.7826451942
2.7786583535
2.7757935657
2.7721080001
2.7765221585
2.7754267885
2.7792851987
2.7751522266
2.7752751852
2.7695700909
2.7715736047
2.7710863292
2.7694425442
2.7742437002
2.7771712941
2.7771994827
2.7723827215
2.7759191123
2.7765788920
2.7799110428
2.7760948370
2.7749469706
2.7750826898
2.7709391706
2.7774998431
2.7724392986
2.7771580610
2.7776687755
2.7777135917
2.7771625421
2.7764933079
2.7734130420
2.7783393891
2.7773587947
2.7811203460
2.7793203259
2.7777029712
2.7796131566
2.7728783264
2.7720052439
2.7737659533
2.7782819662
2.7748465699
2.7761521250
2.7676306118
2.7633049415
2.7678653107
2.7661526080
2.7635367462
2.7648514594
2.7647194186
2.7654694903
2.7627411939
2.7667868051
2.7553035740
2.7561036675
2.7631209186
2.7685015290
2.7727923408
2.7681776709
2.7656037125
2.7651531186
2.7637025868
2.7703762634
2.7650940400
2.7684762117
2.7671675796
2.7744283254
2.7750207512
2.7767916765
2.7736543820
2.7767490858
2.7763440435
2.7741861297
2.7763216014
2.7778420855
2.7740573792
2.7744011494
2.7749814013
2.7756840711
2.7760216476
2.7785644216
2.7786826558
2.7769281350
2.7769732680
2.7754069668
2.7723311168
2.7721660911
2.7701506861
2.7691194643
2.7694459896
2.7769602910
2.7766000850
2.7738465330
2.7739405151
2.7701590264
2.7757540113
2.7742409437
2.7726421220
2.7724968015
2.7723069949
2.7734556618
2.7698901892
2.7732074374
2.7735293451
2.7724055252
2.7715644680
2.7669293901
2.7701683654
2.7754191045
2.7767505287
2.7798038491
2.7729177449
2.7764609413
2.7754883543
2.7771957772
2.7763130227
2.7803182524
2.7822503466
2.7836944003
2.7761646750
2.7739969014
2.7770437156
2.7820003822
2.7754053891
2.7803677998
2.7798245003
2.7728739805
2.7776390976
2.7801702496
2.7787093365
2.7822527012
2.7800340086
2.7789602389
2.7800129453
2.7787967892
2.7809758405
2.7742796847
2.7738881490
2.7725422594
2.7703342924
2.7729000036
2.7721750151
2.7729645560
2.7714406128
2.7766237964
2.7796161231
2.7773377692
2.7775744547
2.7762135059
2.7793077577
2.7805360759
2.7831278899
2.7834990083
2.7803260696
2.7774825225
2.7751148654
2.7820386641
2.7813984118
2.7756819930
2.7763730499
2.7753205228
2.7800874526
2.7794853365
2.7775448354
2.7801435753
2.7782584886
2.7722488024
2.7661703995
2.7739947752
2.7728516933
2.7676652608
2.7661485914
2.7690146127
2.7673166295
2.7670215134
2.7716119658
2.7720565550
2.7684424262
2.7736754381
2.7741498571
2.7788855901
2.7806275249
2.7782194414
2.7740055191
2.7770565480
2.7735170742
2.7722613832
2.7645142910
2.7678979035
2.7736715132
2.7660799491
2.7646546101
2.7629848815
2.7700402319
2.7675417030
2.7681872284
2.7743914939
2.7740240911
2.7747016391
2.7782446481
2.7767764034
2.7734556837
2.7744633874
2.7729268620
2.7765723664
2.7762005454
2.7736597100
2.7749630213
2.7748868957
2.7753555207
2.7683574156
2.7722847244
2.7770603286
2.7757988561
2.7726917659
2.7683634636
2.7739520680
2.7756345502
2.7800672424
2.7809162419
2.7785098918
2.7804766318
2.7764577883
2.7710691724
2.7690198270
2.7678400261
2.7710034375
2.7713451427
2.7674085252
2.7665077178
2.7606625048
2.7571246315
2.7595373370
2.7611643627
2.7633108646
2.7618325693
2.7612987621
2.7662567591
2.7643539192
2.7690581085
2.7712220870
2.7718788657
2.7702333576
2.7735660536
2.7729947800
2.7725412264
2.7731680037
2.7755870751
2.7725293465
2.7714876888
2.7719414220
2.7724948117
2.7735131715
2.7828129927
2.7809595846
2.7793955967
2.7736622150
2.7730955607
2.7761973016
2.7763058065
2.7666956748
2.7746087313
2.7719061374
2.7732526755
2.7717221708
2.7731553289
2.7762654210
2.7753625655
2.7756943534
2.7769100395
2.7735594215
2.7695842372
2.7759876073
2.7741054534
2.7714434141
2.7693933954
2.7769078842
2.7797963974
2.7805405353
2.7758329705
2.7682946957
2.7745915657
2.7768188207
2.7759422883
2.7759299972
2.7748836407
2.7719253143
2.7757303499
2.7736268923
2.7752078243
2.7809012019
2.7793379659
2.7771607590
2.7796022879
2.7775412019
2.7760448910
2.7806073187
2.7738833453
2.7778410498
2.7778479049
2.7784211195
2.7760514159
2.7746694110
2.7707377232
2.7736362958
2.7765488800
2.7716585993
2.7713360145
2.7749008133
2.7810169970
2.7820025903
2.7821053337
2.7778236013
2.7753991994
2.7764089407
2.7801154637
2.7758085784
2.7759288624
2.7754213224
2.7753006208
2.7765769565
2.7767774760
2.7857912368
2.7879609271
2.7840942729
2.7814201954
2.7822641548
2.7857983712
2.7842468449
2.7838874645
2.7824154903
2.7842428479
