0.0038445814
0.0008734564
0.0019055140
0.0019139188
0.0012174407
0.0034569893
0.0026037643
0.0033139831
0.0033064576
0.0019402952
0.0009842201
0.0001984575
-0.0003711264
-0.0021688100
-0.0028646151
0.0007562867
0.0001513013
-0.0017477008
0.0000788088
0.0011141614
0.0023154721
0.0005216970
-0.0003317466
0.0021313114
0.0034718568
0.0013449104
0.0015300526
0.0033819513
0.0031945649
0.0021212713
0.0026294993
0.0036283181
0.0009480773
0.0035983555
0.0039320515
0.0033190565
0.0060192260
0.0051353248
0.0046625799
0.0027850575
0.0033158795
0.0014915032
0.0002426715
0.0006989222
0.0006430976
0.0028722375
0.0008532169
0.0008892912
-0.0002882312
0.0019827988
0.0024614341
-0.0000136865
-0.0035046784
-0.0009538668
-0.0009246019
-0.0009038518
-0.0008364040
-0.0003040016
-0.0011939339
0.0004496873
0.0013442008
0.0030786627
0.0000016029
0.0008056189
0.0018197364
-0.0015662493
-0.0004516909
0.0007560478
0.0017213735
0.0036497414
0.0029398566
-0.0004891215
-0.0015012867
-0.0012331949
0.0007642955
0.0015036674
0.0001396385
0.0010494337
0.0014278284
0.0015373442
0.0022775380
0.0012694072
-0.0017705478
-0.0024864541
-0.0013330914
-0.0023547460
-0.0014215702
-0.0025296642
-0.0012489601
-0.0021815500
-0.0026552219
-0.0012636873
-0.0005361727
0.0000035413
0.0006549942
0.0006215919
-0.0023814238
0.0002068758
0.0015419608
0.0006164253
0.0005631793
-0.0001585025
0.0014603214
-0.0021992336
-0.0011399563
-0.0005101527
-0.0009285227
0.0004691503
0.0013151184
0.0006269781
0.0000593552
0.0003017049
-0.0003217750
-0.0014711505
0.0023001827
0.0022558693
0.0013627040
0.0000794286
-0.0002286736
-0.0012976568
-0.0034576493
-0.0021886126
0.0000356479
0.0005837582
-0.0000157397
0.0005650340
0.0015390682
-0.0008988529
-0.0002761185
-0.0023463714
-0.0033279390
-0.0024773089
0.0022996440
0.0021160254
0.0034830566
0.0030005249
0.0026940468
0.0046504739
0.0026311309
0.0011291311
0.0016324867
-0.0003457388
0.0022926470
0.0012685368
0.0017835928
0.0020893771
0.0025081727
0.0031946180
0.0016887088
0.0008958434
-0.0020008855
-0.0005991450
0.0016672123
0.0010323631
-0.0007263103
-0.0018296903
-0.0024341759
-0.0006557895
-0.0014919307
-0.0027571048
-0.0024789000
-0.0025086342
0.0002133300
-0.0001153085
-0.0011250032
-0.0014644183
0.0018129975
0.0008381744
0.0000371084
-0.0000368562
0.0010834657
-0.0013082686
-0.0004358479
-0.0005310820
-0.0010273843
0.0003693505
-0.0008315928
-0.0030876250
-0.0022970977
-0.0017746698
-0.0021173749
0.0008700755
0.0015928003
0.0013647741
-0.0013494326
-0.0027580280
-0.0011753721
-0.0005847520
-0.0017970189
0.0000105445
0.0007371415
0.0023384323
0.0016079931
0.0019686324
0.0009124677
0.0008783342
0.0018480685
0.0027740162
0.0023741205
0.0024027699
0.0016488953
0.0034957023
0.0036759320
0.0027951814
0.0048687945
0.0036987308
0.0017004870
0.0018980388
0.0006637708
0.0000307687
0.0017597780
0.0021050847
0.0008359893
0.0016032029
0.0012631421
0.0021289722
-0.0000454521
0.0017843005
0.0007163285
0.0012699459
0.0005926832
-0.0011486857
0.0006363664
-0.0009224113
-0.0002487027
-0.0001496582
0.0002043865
-0.0004541429
-0.0019783637
0.0012332007
0.0005599807
-0.0006294952
-0.0011055908
-0.0003732642
-0.0007694156
0.0004358948
-0.0012122475
-0.0009932782
0.0015285222
-0.0005459721
-0.0018784496
0.0003442071
0.0014688556
0.0000992920
0.0005044579
-0.0002083675
0.0001875068
0.0005778929
-0.0003884850
-0.0010000049
-0.0007817797
0.0000233744
0.0004367361
-0.0004975762
-0.0013954863
-0.0007759847
-0.0000184076
0.0000585216
-0.0012133580
-0.0013359662
0.0002594627
-0.0002853783
0.0008865967
-0.0008558033
-0.0008916656
-0.0001671213
-0.0013737798
0.0015297871
0.0000643582
0.0009580575
-0.0004331865
-0.0006329683
-0.0018474006
0.0000945903
0.0017765195
0.0009000069
-0.0004869017
0.0023352552
-0.0006621830
0.0015396902
-0.0008429431
-0.0004844324
0.0001830556
-0.0016345363
-0.0031755938
0.0001884277
0.0008267333
0.0001273057
-0.0012352409
-0.0033603443
-0.0026626563
-0.0008252005
-0.0036085341
-0.0009888514
-0.0014944129
-0.0021292258
-0.0012413560
0.0001264387
-0.0018344411
-0.0011693910
-0.0020814193
-0.0019970010
-0.0013399023
-0.0036973668
-0.0009191994
0.0006383477
0.0010220596
-0.0002336392
0.0010527681
-0.0014012243
-0.0010010359
0.0000823244
-0.0007005833
-0.0006605031
0.0004518138
0.0017111573
-0.0001189585
-0.0013607698
-0.0004989475
-0.0009860499
-0.0011228088
-0.0002140712
-0.0011484433
-0.0015071136
-0.0008498045
-0.0012349877
-0.0006396764
-0.0033587593
-0.0020548098
-0.0031819569
-0.0003082196
0.0005384299
0.0007911201
0.0003294316
0.0014151841
0.0008592265
0.0023354633
0.0010336268
-0.0012183299
0.0006067721
0.0009116695
0.0013650583
0.0013339626
0.0025364471
0.0017769710
0.0004985982
-0.0003623519
-0.0002499006
0.0011105796
-0.0005971772
0.0017999132
0.0002109773
-0.0000907297
-0.0007244752
-0.0007213138
-0.0020108931
-0.0008093170
-0.0006308492
-0.0029748899
-0.0015729568
0.0003651137
0.0012088361
0.0007607862
0.0009008855
0.0005326439
0.0016520015
0.0030263817
0.0002235336
-0.0017209223
-0.0013608954
0.0026572679
0.0018171615
-0.0006695811
0.0002627074
-0.0003639916
-0.0020476370
0.0010428004
0.0030590873
0.0034800852
0.0025492025
0.0022243341
0.0016411459
0.0002733885
-0.0001117324
-0.0004387633
-0.0007167605
0.0004630584
0.0003155789
-0.0011826956
-0.0016122564
-0.0013713059
-0.0030512875
-0.0008457712
0.0000045318
0.0019026846
0.0009498893
-0.0003328105
-0.0008162740
-0.0004272989
-0.0018362363
-0.0034804821
-0.0017494499
-0.0028056948
-0.0005630434
0.0010414983
-0.0005266385
0.0011982858
0.0011569439
0.0011223490
0.0012493166
0.0018408182
0.0015281247
-0.0002259332
-0.0013319128
-0.0016986137
-0.0005286226
-0.0006699539
-0.0005763614
0.0006668876
-0.0006139235
-0.0027738551
-0.0012225470
-0.0014306108
-0.0029010036
-0.0011993775
0.0005690090
0.0020766500
-0.0005023610
-0.0006431473
0.0001490862
0.0011301580
-0.0000957431
0.0012314136
0.0003428306
0.0017446605
-0.0005905896
-0.0021148854
-0.0002207539
-0.0006071168
0.0013572482
-0.0005050620
0.0007342230
0.0007797570
-0.0026115975
-0.0023612373
-0.0014584599
0.0005644596
-0.0016553969
-0.0015962521
-0.0018426088
0.0014973282
0.0004564807
0.0015985317
0.0002253629
-0.0010859862
-0.0026965800
-0.0020386908
-0.0008526807
0.0008211417
0.0003657946
0.0021403808
0.0003659059
-0.0015359956
0.0009667699
0.0015380946
0.0031535877
0.0019817533
0.0023248062
-0.0001022216
-0.0000809817
-0.0000109526
-0.0001782688
0.0001004633
0.0002006109
-0.0016348229
-0.0014455054
-0.0017982682
-0.0000513071
-0.0002017027
-0.0002490164
-0.0022846917
-0.0003092069
-0.0009752909
-0.0024699721
-0.0028527908
-0.0037564870
-0.0015482268
-0.0027378472
-0.0028643629
-0.0015613198
-0.0010609776
-0.0018568489
-0.0020405076
-0.0012921499
-0.0044069211
-0.0022438291
-0.0008545945
-0.0006120291
-0.0005062081
-0.0009172814
0.0002328244
-0.0001226127
-0.0022384611
-0.0015679544
-0.0015350972
-0.0004802150
-0.0011919404
-0.0023523689
0.0007214813
-0.0007190047
0.0001250033
-0.0014107213
-0.0003570460
-0.0008745045
-0.0010610467
-0.0009878072
-0.0004949641
-0.0014121428
0.0013342737
0.0015393168
0.0020102365
0.0014418177
0.0003377826
0.0004291446
0.0013498793
0.0000024431
-0.0005734396
-0.0006710786
-0.0031572989
-0.0016559304
-0.0010323585
-0.0022189763
-0.0021304850
-0.0014474924
-0.0004483624
0.0011546258
0.0003714788
-0.0008905070
0.0004528991
-0.0014821392
-0.0013403287
0.0013267796
0.0018106591
0.0000644608
-0.0000505198
-0.0014168092
-0.0013401441
-0.0013281635
-0.0006897471
-0.0014729403
0.0000632396
0.0008207412
0.0006487473
-0.0016014233
0.0001758745
0.0007421270
-0.0004665282
-0.0011540649
-0.0004572934
-0.0015494558
-0.0014243403
-0.0031576523
-0.0029655141
0.0021721527
0.0006191437
0.0011002078
0.0026758983
0.0019460698
0.0007852212
0.0006816020
-0.0010737128
-0.0005134219
-0.0008938673
-0.0028177475
-0.0013282790
-0.0024365069
-0.0020167817
0.0003333363
-0.0034051108
-0.0019742318
-0.0027309325
-0.0012961370
-0.0000763830
0.0000496751
-0.0015683260
-0.0026282052
-0.0035624069
-0.0015191532
-0.0032657103
-0.0018433879
0.0014186628
-0.0009542125
0.0005249221
0.0009239393
0.0000643598
-0.0011505845
0.0004895150
0.0041286773
0.0040624231
0.0023362317
0.0012524923
-0.0006912582
-0.0005231734
0.0004403250
0.0023280841
0.0012295357
0.0006009384
-0.0001453972
-0.0010495290
-0.0020164817
-0.0023731750
-0.0010522602
0.0013760251
0.0008868781
-0.0006478108
-0.0003701527
0.0000025356
0.0001359034
-0.0006716184
0.0009443668
0.0004765768
0.0010431917
0.0015874869
0.0029143458
-0.0003667669
-0.0021634926
-0.0024962015
-0.0007247369
-0.0023202653
-0.0015843259
-0.0019130453
-0.0018546823
-0.0014217660
0.0006214404
0.0016854324
0.0002898362
0.0005313160
0.0012361418
0.0010107581
-0.0013212597
-0.0008516889
-0.0009887696
-0.0027369191
0.0003948412
0.0004206715
-0.0003047415
0.0011062764
-0.0004432814
-0.0007846241
-0.0008860638
-0.0021415514
-0.0030759869
-0.0034716342
-0.0048635730
-0.0037672551
-0.0034297914
-0.0044939840
-0.0010635198
-0.0004263341
-0.0024327144
-0.0000273581
-0.0006451085
-0.0012422475
-0.0002040317
0.0007737124
0.0000828214
0.0011929440
-0.0008301624
-0.0023728067
-0.0001237719
-0.0007511989
0.0004568073
0.0010687354
0.0004536179
-0.0007307346
0.0007154363
-0.0015582967
-0.0031538692
-0.0012750594
-0.0008909100
0.0015105862
0.0009664810
0.0031326513
0.0023731760
0.0023545736
0.0015536590
-0.0003064482
0.0011891797
0.0019156430
0.0002919242
0.0005231162
0.0008298592
0.0017992452
0.0004279683
-0.0015513986
0.0021426139
0.0021903513
0.0002941628
0.0019726701
-0.0025146352
0.0000100271
-0.0003685095
0.0003620572
0.0017564581
0.0001533657
0.0005946804
0.0016169034
-0.0004296726
-0.0017776529
0.0006799873
0.0006294376
-0.0023675754
0.0007637244
0.0021402242
0.0032105243
-0.0000915108
0.0010239208
0.0022510436
-0.0014007846
-0.0010531962
0.0006014529
0.0016093807
0.0000454196
-0.0016913720
-0.0001365166
-0.0003893630
-0.0030903973
-0.0006943006
-0.0007199138
-0.0027081741
-0.0025955190
-0.0057311766
-0.0037080343
-0.0052236399
-0.0037581824
-0.0003209841
0.0000138589
-0.0002947883
0.0012285369
-0.0016924713
0.0004284943
0.0002817201
0.0011187835
0.0004146384
0.0001942776
0.0002837271
0.0019177158
-0.0001919741
-0.0004613236
-0.0058005996
-0.0019710645
-0.0007985007
0.0005948291
0.0010037222
0.0009371095
0.0005985852
-0.0010767043
-0.0009563126
0.0016662812
-0.0013328814
0.0003386630
0.0025306517
0.0013330295
0.0009261874
0.0012166962
-0.0002097901
0.0006656818
0.0019869665
-0.0011831368
0.0017770094
0.0033418443
0.0017924322
0.0000026479
0.0002257161
0.0012630338
-0.0028441718
-0.0033362809
-0.0012089638
0.0006288958
0.0014389477
0.0007376676
0.0012958445
0.0013514786
0.0001021839
-0.0004095865
-0.0005917031
-0.0016999278
-0.0027433065
-0.0042818227
-0.0018956839
-0.0011965522
0.0006383485
-0.0001655095
0.0005078919
0.0021678041
0.0001313696
-0.0017992149
-0.0033639055
0.0002937989
-0.0004457482
-0.0004133041
0.0009261248
0.0009408116
0.0028102262
0.0016129733
0.0014497387
0.0005395573
0.0003023069
-0.0009922542
-0.0005570081
-0.0005509151
-0.0017157790
-0.0009750470
0.0015151127
0.0009140399
0.0023912664
0.0011876380
-0.0012296669
-0.0016800793
-0.0030122078
-0.0035236714
-0.0010317438
-0.0001338359
-0.0013091092
-0.0001328046
0.0002042868
0.0005292144
-0.0013234849
0.0001874610
-0.0002519831
0.0022085591
0.0031294587
0.0014932869
-0.0003413327
-0.0008904085
-0.0004870917
-0.0005961175
0.0006973148
0.0007534854
-0.0000942857
-0.0004244522
-0.0019447969
-0.0008054653
0.0021029826
-0.0005556900
-0.0006374352
-0.0001596839
0.0034263483
0.0020448576
-0.0017322773
-0.0001089466
-0.0027605784
-0.0018963894
-0.0005874857
-0.0004917375
-0.0010005373
-0.0010585567
-0.0004709693
0.0026936096
0.0041182839
0.0056950368
0.0019701184
-0.0024384876
-0.0000701654
-0.0004496937
-0.0023601036
-0.0006479013
0.0005611816
0.0009677172
-0.0025268217
-0.0006865866
-0.0008739099
-0.0016954744
-0.0032060860
-0.0022955260
0.0002263225
0.0001683508
0.0001871191
0.0004990747
-0.0001120134
-0.0001085973
0.0014958604
0.0034341060
0.0012522516
0.0001785624
-0.0013528441
-0.0017208533
-0.0008196226
-0.0005583500
0.0019620576
0.0007791574
-0.0004543580
0.0002989824
0.0015192369
0.0017615068
0.0016554995
0.0018599327
0.0004306937
-0.0003931099
0.0020098482
0.0023452855
0.0002072219
0.0001846876
-0.0011837093
0.0006679223
-0.0005730713
-0.0000974439
-0.0003284671
0.0009309039
0.0002038782
0.0010549814
-0.0015531869
0.0004568639
-0.0002449618
-0.0001205268
-0.0009864135
-0.0001271563
-0.0008009607
0.0019756279
-0.0010596326
-0.0017832628
-0.0020917796
-0.0025583834
-0.0011563477
0.0024693949
-0.0018585683
-0.0013003130
-0.0012259191
-0.0027710917
-0.0031811925
0.0002488243
0.0007091242
0.0006557448
0.0009926160
-0.0008730398
0.0013995469
0.0006137736
0.0012922319
0.0013678275
0.0001502693
-0.0012977115
-0.0007346744
0.0022441217
0.0002859242
0.0012449779
0.0000750900
0.0007841626
0.0024620016
-0.0018008142
-0.0003715942
-0.0007001579
-0.0013505605
-0.0003372855
-0.0013741873
0.0003205958
0.0005242929
-0.0023205449
-0.0041899767
-0.0029199026
-0.0015249220
0.0004532938
0.0039458331
0.0022331171
0.0032319564
0.0022683794
0.0003919131
-0.0006800615
-0.0002065359
0.0021654698
0.0000374339
0.0003990809
0.0031530509
0.0011370494
-0.0001390961
0.0023826938
0.0032662828
0.0023583800
0.0023811049
0.0034053128
0.0036312677
0.0031748707
0.0008587527
0.0018844867
-0.0006610185
0.0011783724
0.0009502371
0.0018261202
0.0030304658
0.0027987834
0.0010980847
0.0015497430
0.0023167833
0.0024118037
0.0013248425
-0.0009160256
0.0010023544
-0.0002402520
-0.0004181676
-0.0000893514
0.0005002460
