2.6286460835
2.6285804711
2.6266842204
2.6197654142
2.6252114232
2.6276708120
2.6360317935
2.6288736684
2.6255116091
2.6343791026
2.6300633880
2.6305329679
2.6292841608
2.6314347773
2.6329163101
2.6296936227
2.6296291114
2.6255667725
2.6242631635
2.6187556299
2.6180394307
2.6157555481
2.6184554764
2.6179261739
2.6143183596
2.6167506687
2.6145445347
2.6172183563
2.6174244115
2.6202284332
2.6160554251
2.6206646858
2.6127936946
2.6160895639
2.6211020750
2.6258625504
2.6336374348
2.6382540724
2.6336782140
2.6366088955
2.6304194488
2.6223016743
2.6207413836
2.6235013277
2.6161473338
2.6183915896
2.6160355831
2.6079705886
2.6123113764
2.6091109839
2.6169787700
2.6195932502
2.6205937186
2.6169953010
2.6159324715
2.6164868381
2.6087137500
2.6164265964
2.6091793980
2.6215141516
2.6180698725
2.6151731943
2.6218922059
2.6261721357
2.6139781106
2.6163756365
2.6159799533
2.6221247202
2.6255594643
2.6277692142
2.6271264286
2.6335189801
2.6286387964
2.6272872609
2.6304895143
2.6364589139
2.6272377267
2.6293986422
2.6224345201
2.6276238135
2.6176599155
2.6114397640
2.6121398631
2.6188658190
2.6144861252
2.6108423831
2.6140299011
2.6115981536
2.6132935916
2.6124581413
2.6169827306
2.6217663752
2.6206965466
2.6249093568
2.6253169310
2.6218910333
2.6249194437
2.6252448497
2.6223757387
2.6193220109
2.6178507472
2.6175514902
2.6204009179
2.6168234551
2.6143073026
2.6161993606
2.6214004032
2.6200087967
2.6203084255
2.6264452686
2.6239247674
2.6280946551
2.6222258656
2.6255402918
2.6251271712
2.6164109297
2.6184227654
2.6163077688
2.6223228761
2.6178768608
2.6170836098
2.6204330528
2.6208735999
2.6174688524
2.6115675705
2.6193663359
2.6232242109
2.6274838729
2.6201326444
2.6201351252
2.6273793534
2.6255405597
2.6169024933
2.6227514674
2.6139224776
2.6138504650
2.6116474033
2.6111294961
2.6136861318
2.6105376784
2.6138528940
2.6151357421
2.6144249505
2.6161511752
2.6184564120
2.6204915409
2.6129090458
2.6224713032
2.6230404637
2.6256973278
2.6203878441
2.6146461179
2.6149820708
2.6132315306
2.6163126333
2.6122981031
2.6265557707
2.6260942933
2.6214563032
2.6131090952
2.6157221179
2.6181666755
2.6206813060
2.6219675878
2.6129618933
2.6165980595
2.6110258388
2.6179315529
2.6181677838
2.6135539768
2.6142412421
2.6237632010
2.6218800451
2.6165719687
2.6222164654
2.6205569228
2.6085549603
2.6154265223
2.6096290548
2.6158847488
2.6107580486
2.6209233243
2.6209200857
2.6228812247
2.6237816661
2.6253853524
2.6141677968
2.6128461100
2.6177443645
2.6154125959
2.6088358417
2.6030495765
2.6049773754
2.6063240462
2.6131141427
2.6040278123
2.6048465549
2.6116685789
2.6061122806
2.6057642764
2.6099844720
2.6091245042
2.6123658895
2.6124877031
2.6231057600
2.6193313947
2.6139639364
2.6116069719
2.6161642884
2.6169814323
2.6129603353
2.6069483274
2.6158514537
2.6221053533
2.6168685556
2.6123116826
2.6173041739
2.6119358844
2.6183753051
2.6213202352
2.6226220151
2.6222713700
2.6188542352
2.6171131677
2.6099371979
2.6176359849
2.6198216102
2.6151186115
2.6217807467
2.6209109184
2.6196019579
2.6267378738
2.6225663101
2.6215537471
2.6193479745
2.6171208604
2.6195076599
2.6104232158
2.6261199975
2.6171947472
2.6160367089
2.6219690235
2.6269877580
2.6248383435
2.6243261486
2.6192288077
2.6187684703
2.6114016475
2.6061681830
2.6119017886
2.6198589443
2.6312900574
2.6275718791
2.6261130692
2.6206783854
2.6178858087
2.6173581513
2.6123615501
2.6117210569
2.6115122066
2.6109641331
2.6145964471
2.6220495252
2.6172292001
2.6169292719
2.6127389831
2.6135138376
2.6143358220
2.6169839034
2.6244568518
2.6214229552
2.6249301052
2.6285494501
2.6232018265
2.6217263825
2.6196386960
2.6253070645
2.6184269124
2.6283335579
2.6292764149
2.6277890881
2.6248048206
2.6250894384
2.6253128060
2.6191089857
2.6207487133
2.6272511111
2.6198196338
2.6296027818
2.6309280998
2.6278883032
2.6280428156
2.6149636991
2.6142067326
2.6106296517
2.6148973921
2.6217769929
2.6292718260
2.6184836015
2.6082915903
2.6103247027
2.6185696785
2.6139453329
2.6165863153
2.6196839710
2.6151855674
2.6200388677
2.6206221747
2.6254746155
2.6257427575
2.6259409298
2.6221916163
2.6234194131
2.6275575884
2.6282823206
2.6276906439
2.6257326948
2.6237862456
2.6261565686
2.6156455585
2.6162263185
2.6241654955
2.6195382658
2.6188394303
2.6250869121
2.6313772549
2.6276402731
2.6310865925
2.6282973544
2.6289036864
2.6256879166
2.6267354933
2.6219389279
2.6220861500
2.6310441274
2.6264607513
2.6279251982
2.6287963092
2.6301647970
2.6207504524
2.6231514187
2.6154858558
2.6172299415
2.6167622489
2.6214175588
2.6257305924
2.6223567078
2.6205180127
2.6261609081
2.6218457520
2.6298437260
2.6257876649
2.6201753402
2.6119391958
2.6082820120
2.6073156340
2.6080181141
2.6094290162
2.6042295880
2.6126002142
2.6142702416
2.6143537345
2.6140096146
2.6196786550
2.6309862468
2.6254051437
2.6213768639
2.6200553515
2.6187406304
2.6129554677
2.6132956716
2.6088865460
2.6174930887
2.6131639841
2.6187021779
2.6208752964
2.6213165651
2.6254555518
2.6194253525
2.6144304166
2.6085860273
2.6086061194
2.6130029406
2.6114812692
2.6166856675
2.6141235647
2.6146721574
2.6130502289
2.6090931030
2.6143982049
2.6206195968
2.6222202814
2.6177869413
2.6250907768
2.6202948837
2.6182295093
2.6228806727
2.6217306353
2.6222291122
2.6221015391
2.6268241017
2.6232570841
2.6220264100
2.6189444863
2.6203371248
2.6077936317
2.6040613926
2.6107410648
2.6091091032
2.6113146913
2.6243981666
2.6269665597
2.6333928369
2.6304828987
2.6273628897
2.6211741555
2.6236187527
2.6295421019
2.6230711997
2.6263510844
2.6180369705
2.6115781981
2.6248532323
2.6245423804
2.6199097652
2.6182843924
2.6173115830
2.6199035151
2.6199766923
2.6273196408
2.6191488596
2.6173308727
2.6218562670
2.6284653820
2.6236244678
2.6318105786
2.6274213541
2.6221567132
2.6205890662
2.6267668489
2.6264110850
2.6253142093
2.6212818851
2.6239570505
2.6193197883
2.6175481892
2.6168498742
2.6214394094
2.6263313475
2.6274026884
2.6263165869
2.6229267991
2.6228239256
2.6219777279
2.6301042094
2.6207854987
2.6213573360
2.6187843359
2.6207678259
2.6135240880
2.6097626794
2.6090127631
2.6219024614
2.6224887734
2.6271414442
2.6221161699
2.6181145031
2.6234336534
2.6168446736
2.6123707595
2.6134964499
2.6057719380
2.6126025313
2.6120552664
2.6157402706
2.6123805319
2.6193606384
2.6213771461
2.6159020119
2.6150351087
2.6227064165
2.6161518140
2.6173815048
2.6192587675
2.6232510455
2.6160952180
2.6181903182
2.6164303638
2.6143683664
2.6189255057
2.6180382024
2.6195068084
2.6200071000
2.6132753857
2.6075170959
2.6178869729
2.6196439186
2.6260659578
2.6238648130
2.6291711486
2.6245769119
2.6284685967
2.6386038634
2.6316840050
2.6335579118
2.6349529702
2.6317779578
2.6268724812
2.6287393727
2.6259985704
2.6258351776
2.6284240916
2.6236853893
2.6223472600
2.6190816029
2.6159400207
2.6195726936
2.6181728841
2.6227233004
2.6258258425
2.6272055779
2.6300455461
2.6280967461
2.6251642911
2.6280328771
2.6259072171
2.6223810552
2.6186672115
2.6202358453
2.6273480976
2.6248315094
2.6296335321
2.6341075855
2.6309286640
2.6246553015
2.6269359301
2.6296055856
2.6255445188
2.6243608832
2.6134911701
2.6211443789
2.6234665690
2.6176219260
2.6240342497
2.6250403710
2.6266381475
2.6237066950
2.6190519995
2.6266763806
2.6223008292
2.6280766872
2.6271787694
2.6225943369
2.6252567022
2.6333678248
2.6361819684
2.6231543928
2.6246826061
2.6181592365
2.6208105358
2.6152944117
2.6181905854
2.6249760568
2.6263664616
2.6275810309
2.6255250696
2.6192027841
2.6160723808
2.6186922829
2.6183855249
2.6267998814
2.6234501282
2.6293354891
2.6285430567
2.6240522287
2.6225487025
2.6200124073
2.6187200196
2.6267564505
2.6348208086
2.6351141133
2.6311690388
2.6288359379
2.6269288118
2.6242636100
2.6320372908
2.6295317424
2.6246105761
2.6247554319
2.6250761771
2.6199107970
2.6205891000
2.6145254718
2.6145578786
2.6138873800
2.6155826264
2.6194333195
2.6124631457
2.6127657351
2.6179787422
2.6152610949
2.6260472402
2.6246773397
2.6310389644
2.6238870733
2.6223674834
2.6176026289
2.6207782366
2.6177711503
2.6249985682
2.6198789348
2.6185112803
2.6249179863
2.6266640055
2.6262161352
2.6265966966
2.6225105078
2.6251166035
2.6257220780
2.6254509352
2.6213787449
2.6246186546
2.6201363361
2.6176451259
2.6141973796
2.6094039746
2.6136292974
2.6142000401
2.6163075631
2.6227087106
2.6177756151
2.6154491702
2.6203338359
2.6228533584
2.6174044355
2.6169390467
2.6159912419
2.6153436055
2.6182725791
2.6241841242
2.6294743431
2.6249614260
2.6246541839
2.6245807153
2.6258360776
2.6258197823
2.6285083473
2.6178023180
2.6182493494
2.6202503513
2.6129826738
2.6228747827
2.6245251811
2.6157231296
2.6115920251
2.6127514389
2.6163110203
2.6208474969
2.6238851493
2.6164121321
2.6195368981
2.6123247080
2.6103648644
2.6180090780
2.6159377518
2.6194285014
2.6160674157
2.6282599668
2.6274982980
2.6301077868
2.6300287934
2.6239218443
2.6284437492
2.6200240695
2.6204646866
2.6090100504
2.6049600708
2.6024497815
2.6055217687
2.6077945890
2.6066852997
2.6129639601
2.6120435999
2.6161142300
2.6207225805
2.6205606237
2.6196235572
2.6234426675
2.6158520466
2.6200729405
2.6255089697
2.6299643175
2.6277154693
2.6303788525
2.6280730222
2.6363415799
2.6452013238
2.6425384123
2.6337689601
2.6357976823
2.6295679606
2.6315393105
2.6385637377
2.6364670324
2.6391069980
2.6312982645
2.6310543529
2.6341403969
2.6236570328
2.6284266135
2.6270854607
2.6320974390
2.6307452366
2.6250138359
2.6285706398
2.6323939892
2.6240643227
2.6321788768
2.6297075319
2.6348039633
2.6229943424
2.6173572816
2.6195811399
2.6207750980
2.6138830090
2.6252744655
2.6290207780
2.6257645131
2.6244812264
2.6281506760
2.6276558575
2.6243907883
2.6218090485
2.6306731083
2.6292697561
2.6319116601
2.6282007350
2.6257580365
2.6211981099
2.6258613918
2.6327015100
2.6259434482
2.6222782910
2.6231183834
2.6150477827
2.6205293520
2.6258882566
2.6207958027
2.6210477154
2.6163184435
2.6172915010
2.6190624862
2.6244987572
2.6249349495
2.6233073052
2.6203006182
2.6248945542
2.6126297105
2.6185940708
2.6195786002
2.6264693000
2.6246569169
2.6292225314
2.6280135622
2.6266973078
2.6247076674
2.6322642071
2.6295394020
2.6374866571
2.6389459793
2.6383185872
2.6314535528
2.6244588888
2.6244343383
2.6263112996
2.6270863984
2.6260696500
2.6240811973
2.6337009264
2.6224559980
2.6204645163
2.6183073446
2.6169862419
2.6180162036
2.6064582646
2.6092906653
2.6104895528
2.6137297742
2.6184477181
2.6153901333
2.6195968614
2.6213466382
2.6174258538
2.6217143268
2.6171810325
2.6165674783
2.6141846191
2.6183097321
2.6101614694
2.6098283524
2.6148090381
2.6269107662
2.6227012162
2.6261428448
2.6307780881
2.6373072226
2.6363831310
2.6238148001
2.6230079929
2.6218823884
2.6172363270
2.6205753465
2.6251210349
2.6337992558
2.6285495471
2.6359366229
2.6317382487
2.6274728332
2.6285255378
2.6247766865
2.6199698071
2.6176155742
2.6234236460
2.6245991409
2.6203353891
2.6302762201
2.6238562426
2.6300761155
2.6325467093
2.6248665481
2.6287475857
2.6261765974
2.6383780523
2.6264603078
2.6286694794
2.6287691363
2.6338637859
2.6261214309
2.6291696372
2.6346826661
2.6372503580
2.6369840632
2.6302306562
2.6173667807
2.6193040751
2.6172981180
2.6276594376
2.6222616703
2.6151635251
2.6189017557
2.6152864589
2.6267235603
2.6323843263
2.6266243894
2.6287658887
2.6214138748
2.6246390463
2.6238974720
2.6153454608
2.6223505439
2.6269505588
2.6301650444
2.6308943761
2.6156565277
2.6169272472
2.6149170013
2.6229374553
2.6147899479
2.6177961460
2.6225628802
2.6165181772
2.6132207727
2.6150144111
2.6112401640
2.6091676801
2.6161361749
2.6185590678
2.6156357318
2.6135408924
2.6213473006
2.6211508519
2.6264594783
2.6231013450
2.6255185074
2.6195204953
2.6232330910
2.6148352814
2.6190755829
2.6175803539
2.6227599797
2.6204027994
2.6177922835
2.6152882871
2.6152347042
2.6182867465
2.6208777126
2.6196194381
2.6245566906
2.6262991128
2.6259500137
2.6189985801
2.6256307490
2.6261726414
2.6202721489
2.6236059655
2.6214731614
2.6201113263
2.6200460594
2.6244806321
2.6195484548
2.6178518937
2.6168918928
2.6235222044
2.6244533773
2.6281070483
2.6264476036
2.6209435998
2.6238281418
2.6243766699
2.6285937736
2.6273738430
2.6206065205
2.6203450447
2.6203431076
2.6125163789
2.6144873966
2.6258770887
2.6223049888
2.6242482303
2.6270731198
2.6226827475
2.6213907741
2.6238019992
2.6243835288
2.6260393747
2.6389345907
2.6292543857
2.6280067402
2.6282570077
2.6262522673
2.6280428597
2.6200447799
2.6200327941
2.6222750705
2.6273106285
2.6180767874
2.6152147111
2.6145391999
2.6188200327
2.6166944594
2.6209555368
2.6202019930
2.6217685178
2.6156175059
2.6190091338
2.6160302073
2.6185103751
2.6146708074
2.6152130190
2.6207239833
2.6166434150
2.6216723740
2.6245141848
2.6253955487
2.6215531539
2.6155004366
2.6131445387
2.6180220151
2.6200651441
2.6127562149
2.6188612851
2.6235023144
2.6237196811
2.6289927523
2.6330766111
2.6292239982
2.6321982733
2.6388688624
2.6421325762
2.6404749389
2.6364660713
2.6318016761
2.6286099832
2.6379398608
2.6379640272
2.6223549726
2.6239900096
2.6272621752
2.6263788570
2.6317074606
2.6269951548
2.6271708109
2.6277256604
2.6345329324
2.6363446122
2.6358494425
2.6348797691
2.6310242152
2.6273614617
2.6269770383
