0.0015806108
0.0032293557
0.0031998278
0.0034893150
0.0006048381
0.0029637764
0.0016063704
-0.0009322524
-0.0006852382
0.0019616580
-0.0009936482
-0.0007004073
0.0004894071
0.0004951080
-0.0005943129
0.0003119130
-0.0013417686
-0.0005338263
0.0017908709
0.0014684098
0.0013707293
-0.0015365806
-0.0002345608
-0.0017593720
-0.0013205549
-0.0011465321
-0.0022014787
-0.0013763155
0.0015606050
0.0018825235
0.0042021258
0.0022519517
0.0012185383
-0.0000414397
-0.0001553008
-0.0031167704
-0.0015009237
-0.0017432201
-0.0005939045
0.0004221293
0.0011581754
0.0015709639
0.0009874380
-0.0004298950
0.0001389665
0.0024305393
-0.0020730467
-0.0012325554
-0.0031373398
-0.0034002402
-0.0027549043
-0.0041950431
-0.0028973383
-0.0035012098
-0.0020892100
-0.0020219203
-0.0025156525
0.0028301397
0.0002977275
0.0036614738
0.0003156036
-0.0003308308
0.0002072624
-0.0002367775
-0.0003229916
0.0006776934
-0.0000245306
-0.0001102125
0.0008783932
-0.0015982846
-0.0027665881
-0.0029236499
-0.0011135063
0.0006634705
-0.0006257122
-0.0017121878
-0.0023511150
-0.0019062127
-0.0012083374
-0.0029574788
-0.0002948432
-0.0018315615
-0.0029075163
-0.0043898779
-0.0015962007
-0.0003517255
0.0004924308
-0.0009960371
-0.0015562413
-0.0016543976
0.0007371220
-0.0003405592
0.0003310114
0.0004790082
0.0015373986
0.0015822635
0.0001116252
0.0000046826
-0.0015232712
-0.0022208270
0.0005085438
0.0014428085
0.0014932263
0.0023631028
0.0018387348
0.0001868107
-0.0002509125
0.0024159858
-0.0001389262
0.0005164283
0.0022954438
0.0013077567
0.0029434287
-0.0008884812
-0.0024519782
-0.0000218287
-0.0035948712
-0.0009248430
-0.0018727366
-0.0021871606
-0.0028626779
-0.0014178814
0.0011602582
0.0007971134
0.0000958968
0.0019785987
0.0024564530
0.0023231729
0.0000864023
0.0006740285
0.0014922388
-0.0014451915
0.0000003389
-0.0007741028
0.0001309711
-0.0003522984
-0.0013337856
-0.0012462840
-0.0011659012
-0.0010936085
-0.0012890274
0.0013187466
0.0001398183
0.0019572712
0.0023067456
-0.0015931963
-0.0000827821
-0.0003998755
-0.0006213863
-0.0013699654
0.0009512238
-0.0008091116
0.0010084787
-0.0003118175
-0.0027855608
-0.0006268693
-0.0000375644
-0.0005506120
-0.0006066395
0.0015307405
0.0012750508
0.0010719430
0.0014483230
0.0008940594
-0.0005338149
0.0017419645
-0.0032869152
0.0017690706
0.0000165046
-0.0000783368
0.0002145175
0.0004523922
-0.0003130156
0.0007732311
0.0027271016
0.0021818214
0.0009660418
0.0001027082
-0.0020379390
-0.0003673981
-0.0019316595
-0.0014405616
-0.0002215413
-0.0005460016
-0.0000235880
0.0000974041
0.0000681705
-0.0021384737
0.0004841162
0.0003572893
0.0011615841
0.0021217293
0.0020848900
0.0023776849
0.0035424104
0.0013790874
0.0002665239
0.0000345512
0.0006760186
0.0027002753
0.0006295445
0.0028506902
0.0003514855
-0.0004295266
-0.0005735448
-0.0009931279
-0.0011058354
0.0006030236
-0.0000946221
-0.0015338345
0.0012170900
0.0014660798
0.0022976094
0.0003176266
0.0007019058
0.0002398969
-0.0022077545
0.0007129094
0.0023192350
0.0004633035
-0.0020022017
-0.0009689715
-0.0033839473
-0.0009543000
0.0027709504
0.0039112843
0.0027784869
-0.0002940358
0.0007671904
-0.0015460607
-0.0002990313
-0.0003901030
0.0008986047
0.0018603763
-0.0009535901
0.0006882068
0.0006616912
0.0001828525
0.0007102597
0.0000929080
-0.0000387452
-0.0014980342
-0.0016757279
-0.0027697240
-0.0002638435
0.0005091965
-0.0006162104
0.0003559683
0.0011538454
-0.0005734389
-0.0001999240
-0.0000204963
-0.0003123816
0.0007549355
0.0016027246
0.0013072573
0.0027305262
0.0020272768
0.0004660194
0.0044068267
0.0003708369
-0.0018598047
-0.0011404105
0.0000740742
-0.0010509776
-0.0026252817
0.0008247125
0.0010875509
-0.0018358280
-0.0017755225
-0.0010642123
-0.0000437514
-0.0001227786
-0.0008189434
-0.0000371154
0.0008246661
0.0005248957
-0.0003061939
0.0003087197
-0.0002595292
-0.0020926858
-0.0002680114
-0.0007767250
-0.0003359691
0.0008429787
0.0018257667
-0.0006440435
-0.0022477762
-0.0004893434
0.0009202195
0.0029966515
0.0009816779
0.0020897594
0.0003318725
-0.0021499154
-0.0023452509
-0.0008983172
-0.0007303096
-0.0022822492
-0.0034793346
0.0004160720
-0.0005778230
-0.0043069820
-0.0006455512
0.0009237501
0.0026345719
0.0014951069
0.0036418246
0.0002514679
-0.0012568064
-0.0003496494
-0.0011645253
-0.0014788750
0.0026647033
0.0014242250
-0.0000216190
-0.0002547133
-0.0006814831
-0.0019320463
-0.0009243330
-0.0001891507
-0.0018521654
-0.0000734989
0.0000224923
0.0007679165
0.0012102280
0.0006661327
0.0010969158
-0.0000047330
-0.0013807784
-0.0019257200
-0.0019182633
0.0014879659
0.0013182122
-0.0010209151
0.0004221919
0.0007294374
0.0004477589
0.0022196557
-0.0014178979
-0.0024625653
-0.0017318316
-0.0021767376
-0.0014358814
-0.0010212459
-0.0025490024
-0.0033567352
-0.0023423970
-0.0006096988
-0.0008026986
0.0011659585
0.0013781956
0.0002645554
0.0003185138
0.0002407837
0.0016104599
0.0019281420
0.0044269716
0.0031705426
0.0007027205
-0.0017369460
-0.0012849408
0.0007476360
0.0014724197
0.0020514333
-0.0014744143
-0.0012292053
0.0004784629
0.0010379188
0.0010046157
0.0013214828
0.0031382352
0.0003591811
-0.0023321668
0.0017548523
-0.0016021521
0.0011453777
0.0020696920
0.0000215882
-0.0010505787
-0.0034377003
-0.0012621974
-0.0011820944
-0.0009920757
-0.0015837751
-0.0015200020
-0.0035168623
-0.0027054503
-0.0019488880
0.0014751654
0.0011705386
0.0017794687
0.0002717503
0.0015450066
-0.0022852185
-0.0008901023
-0.0012858622
-0.0000335459
0.0003746225
0.0030166697
0.0028347531
0.0011888800
0.0023489319
-0.0010425559
0.0017101289
-0.0000170162
0.0013832012
0.0010605312
0.0005846817
0.0024636971
0.0025927151
0.0008671844
-0.0034129409
-0.0010057171
0.0017125162
0.0012361228
0.0014499532
0.0010592511
-0.0002439887
0.0003161121
-0.0013343039
-0.0030868420
0.0002481477
0.0008455954
-0.0010878176
0.0007759763
-0.0014943843
-0.0007418742
-0.0007941689
0.0009373339
0.0008607614
0.0009237605
-0.0000200253
0.0005370294
-0.0009891676
0.0021109394
0.0005141967
0.0018221067
0.0032462348
0.0007282002
-0.0011448488
-0.0014727452
-0.0001362006
-0.0017023624
-0.0008604614
-0.0001238709
-0.0030548278
-0.0014885439
-0.0017629920
-0.0023438474
-0.0022878043
-0.0011708362
-0.0001820609
-0.0010664424
-0.0015988600
-0.0026834394
-0.0025374435
-0.0006997816
-0.0019722300
-0.0022893334
-0.0018458901
0.0008729313
0.0016624028
0.0001009861
-0.0008674001
-0.0004939701
-0.0011674873
0.0004986284
0.0010200502
-0.0009961296
0.0003332157
-0.0004004524
0.0001375589
0.0010333472
0.0010681615
0.0008887841
0.0026864385
0.0038126182
0.0018255236
-0.0000597497
-0.0013270719
-0.0026249323
-0.0017647105
0.0008718525
-0.0005247651
-0.0026981011
-0.0029234799
0.0002619617
0.0011592884
0.0020335879
0.0005006057
-0.0013451924
-0.0009127448
-0.0016302386
-0.0014407570
-0.0006342438
-0.0010711076
-0.0013382595
-0.0005917412
-0.0021361824
-0.0010522861
0.0002298876
-0.0002385961
0.0023097808
0.0017096352
0.0041635187
-0.0010484342
-0.0032224285
-0.0010517819
0.0003166872
-0.0002509459
0.0004772952
-0.0010432678
-0.0007764476
-0.0032682783
-0.0047135090
-0.0027151108
-0.0011364378
0.0003013818
-0.0014573935
-0.0020527601
-0.0012506825
-0.0002649238
0.0019385374
0.0007573856
-0.0012170745
-0.0005429392
0.0004520256
-0.0006476038
0.0013186269
-0.0002407510
-0.0008946817
0.0001126034
0.0002417185
-0.0029384263
0.0005229237
-0.0004513096
-0.0001268368
0.0006270953
0.0010203056
0.0020329219
0.0014030339
0.0021948651
-0.0001757281
-0.0014406453
-0.0007609153
0.0005629108
0.0004465141
0.0021948245
-0.0005850692
0.0008734789
-0.0027143325
-0.0003759858
0.0016327801
0.0011759867
0.0003273813
-0.0011531167
0.0014059659
-0.0002056925
0.0017920060
0.0003700132
0.0000489131
-0.0010499639
-0.0016780398
-0.0002902203
-0.0014379073
-0.0014265365
0.0002343333
-0.0020449060
0.0014351743
0.0007909580
0.0012796584
0.0013571481
-0.0000115147
0.0002509473
0.0022258353
0.0018473138
0.0013025555
0.0043204001
0.0041097551
0.0032414518
0.0023258494
0.0018610806
0.0017810427
0.0004527565
-0.0012108488
-0.0020092121
-0.0024205038
-0.0019820315
-0.0006917648
0.0006214577
0.0022149279
-0.0004856085
0.0013358464
0.0009074088
0.0000691021
0.0012331107
0.0014989500
0.0004317049
-0.0012779992
-0.0000798466
0.0010115966
0.0021692768
0.0028170684
0.0009413652
-0.0008772644
-0.0006821452
-0.0002071358
-0.0009008001
-0.0008843087
-0.0017334868
0.0010608775
0.0019916069
0.0002500842
-0.0016846364
-0.0023331772
0.0002164695
0.0035605064
-0.0006195668
-0.0005426834
-0.0003724819
0.0010140072
0.0029030438
0.0026809097
0.0019660338
0.0007841065
0.0027104577
-0.0000956894
-0.0005145957
0.0003262711
-0.0002764018
0.0031526329
0.0011343807
-0.0005445423
-0.0005114553
-0.0034120222
-0.0034042606
-0.0007014098
-0.0005469743
-0.0004891634
0.0013376945
0.0006555900
-0.0005505589
0.0003846365
-0.0020536851
-0.0000383618
-0.0010685103
-0.0020684655
0.0004767155
0.0011220448
0.0045161800
0.0043151298
0.0037924781
0.0039659470
0.0019544290
0.0010452884
0.0011783925
-0.0001956250
-0.0005108536
-0.0013068265
0.0000808070
0.0011738782
0.0019326193
0.0019086610
-0.0001218435
-0.0022944847
-0.0009216271
-0.0026516602
-0.0010087973
0.0008285451
-0.0023835354
0.0006580747
0.0008810985
0.0011301939
0.0024567094
0.0013954237
0.0025352010
0.0019957752
0.0025196328
0.0000835997
-0.0017987054
-0.0013418249
-0.0002535410
-0.0018354496
-0.0014272837
-0.0019833769
0.0009509015
0.0016399033
0.0020556392
0.0048828997
0.0005204375
-0.0014649759
-0.0015736031
0.0004296897
-0.0018834810
-0.0045529422
-0.0017316265
-0.0035354048
-0.0057176695
-0.0027395402
-0.0023905648
-0.0010022349
-0.0004085809
0.0003837078
0.0010949194
0.0009409337
-0.0004531967
0.0016006610
0.0019130736
0.0025438155
0.0021194060
-0.0003334069
-0.0019375131
-0.0016894517
-0.0008130245
0.0040514592
0.0005301088
-0.0004026223
-0.0014401115
-0.0018960581
0.0006806884
0.0013088073
0.0026088155
0.0015051072
0.0022117273
0.0017078976
0.0010473125
-0.0009658050
0.0005826022
0.0015379230
0.0012226696
0.0041931641
0.0014589719
0.0001978384
-0.0004178436
-0.0000937560
-0.0004182820
-0.0002081738
-0.0010926649
-0.0009270136
-0.0008988708
-0.0006631410
0.0009243201
-0.0031492378
-0.0022651840
-0.0033499675
-0.0019825385
0.0011896647
0.0001852340
-0.0016317704
-0.0004517586
-0.0010278355
-0.0050525094
-0.0020665088
-0.0012172959
-0.0004059009
0.0009236914
-0.0026089366
-0.0008681518
-0.0028502439
-0.0033418067
-0.0031738421
-0.0013653759
-0.0018303879
0.0003630713
0.0016971070
0.0023092955
0.0024850082
0.0004327225
-0.0004478036
0.0019198547
0.0042216247
0.0039965902
0.0005848954
0.0004658688
-0.0012094457
0.0006772332
-0.0002356903
-0.0029388341
-0.0015150092
-0.0018176995
-0.0016820768
-0.0017175096
-0.0014963737
0.0015697528
0.0003569536
-0.0001829978
0.0007860278
-0.0015622662
0.0010767543
-0.0006608775
0.0015211537
0.0040009854
0.0005201001
-0.0008029052
0.0008701169
-0.0005559772
0.0025242246
0.0007547192
0.0019495777
0.0036691686
0.0003124395
-0.0008658568
0.0032685795
0.0021982814
0.0023109889
0.0021098642
0.0012106598
-0.0015056391
-0.0010658580
-0.0001283595
-0.0000482814
-0.0004593504
-0.0004631524
-0.0002215926
-0.0005480855
0.0030118067
0.0038015666
0.0014458917
-0.0004257735
-0.0007751399
-0.0008965051
-0.0009341549
0.0001388998
-0.0004350175
-0.0000224273
0.0013981540
-0.0003681460
0.0005490354
-0.0001063172
0.0000531232
0.0014289754
0.0015187117
0.0024969730
0.0038220228
0.0025434623
0.0021493056
0.0000369065
0.0001417073
0.0005420745
0.0008471641
-0.0012006330
-0.0012034208
0.0000872775
-0.0008570334
-0.0026866742
-0.0035379036
-0.0030286278
0.0007217537
0.0003954492
0.0021627798
0.0013610816
-0.0026293317
-0.0036657859
-0.0035325063
-0.0014394778
-0.0011413776
-0.0003689199
0.0017144815
-0.0014573412
-0.0007291791
-0.0017768680
-0.0027015085
-0.0000382287
0.0016212657
0.0008357759
0.0020376578
0.0028783560
-0.0003132374
-0.0026930678
-0.0021786332
-0.0016633729
0.0009307022
0.0025203316
0.0002289800
0.0005173788
0.0001707151
-0.0024614936
0.0015281141
0.0002308762
0.0009021517
0.0039821419
0.0044972621
0.0007241977
-0.0010462394
-0.0005115193
-0.0030897198
0.0012364372
0.0014387337
0.0014978778
0.0029029962
0.0006537749
-0.0023067409
0.0032348781
0.0012936393
0.0013878672
-0.0006351451
-0.0003406375
-0.0007351080
-0.0007288294
0.0007818878
0.0009680415
0.0000832398
-0.0003009355
0.0016697349
0.0011771307
-0.0003186530
0.0013755887
-0.0017854805
-0.0024965400
-0.0005671881
0.0011603129
-0.0003424478
-0.0042965539
-0.0013496385
-0.0021103323
-0.0039354866
-0.0023338880
0.0019145521
0.0028003365
0.0002336220
-0.0021421478
0.0023375507
-0.0007533131
0.0014106636
0.0046092425
0.0005771643
0.0007605980
0.0014281555
-0.0004517199
0.0013151014
-0.0000619420
0.0010371901
-0.0005117731
0.0002362454
0.0007906286
-0.0016014047
0.0002748867
0.0013207250
-0.0003152213
0.0029836746
0.0049001717
0.0042459341
0.0037309261
0.0006437140
-0.0008583918
-0.0006869351
-0.0007692892
0.0008900443
0.0009616480
-0.0010843486
-0.0024541872
0.0016558444
-0.0020810767
0.0004771607
0.0003868015
0.0007678015
0.0019956905
0.0035773195
0.0015195227
0.0005667991
0.0004821126
0.0006105475
0.0009351620
0.0007279460
0.0009280305
0.0042015588
0.0035179496
0.0005362813
-0.0009171589
0.0005573345
-0.0002676840
-0.0014287392
-0.0026219253
-0.0015135459
-0.0016026917
-0.0014795806
0.0008630800
-0.0007678339
0.0022039601
-0.0001904808
-0.0006920493
-0.0022262724
-0.0041769631
-0.0056075124
-0.0036830139
-0.0008269994
0.0003049144
0.0017772317
-0.0005328735
-0.0010721525
0.0000136102
-0.0000639203
-0.0017090199
-0.0007482026
-0.0013353255
-0.0041396231
-0.0011299695
0.0006681279
-0.0009324140
