2.7960229132
2.7960343923
2.7959128541
2.7941963955
2.7960911556
2.7940271053
2.7920739956
2.7930654778
2.7928080201
2.7920470518
2.7919298102
2.7934310522
2.7922165396
2.7925319020
2.7947575998
2.7941275267
2.7935836775
2.7939161026
2.7935700044
2.7921011146
2.7946401145
2.7955422179
2.7959141193
2.7950803718
2.7943005328
2.7921348855
2.7944408969
2.7936003339
2.7926690149
2.7935616752
2.7932100987
2.7923648876
2.7928862480
2.7934009332
2.7925246568
2.7940074617
2.7946968090
2.7928739951
2.7930945192
2.7943306841
2.7948854211
2.7942661557
2.7937224400
2.7932162530
2.7928755731
2.7934671312
2.7945418264
2.7936896058
2.7947664433
2.7939214175
2.7935536546
2.7943543837
2.7932246616
2.7928081530
2.7919559365
2.7931459223
2.7912688246
2.7925324825
2.7918631061
2.7924233169
2.7930632183
2.7923247601
2.7937736614
2.7933359800
2.7943504603
2.7952825562
2.7954771548
2.7952521879
2.7961280235
2.7944824279
2.7939585184
2.7938396276
2.7958581133
2.7960958217
2.7947936428
2.7951751614
2.7957496773
2.7954073797
2.7933814320
2.7942911444
2.7947819087
2.7964943219
2.7974641256
2.7956241570
2.7943886672
2.7946069292
2.7944031596
2.7949693650
2.7948419529
2.7952676260
2.7935587702
2.7931401151
2.7920763442
2.7926578350
2.7932348018
2.7936361181
2.7951448765
2.7933551848
2.7941762123
2.7954882162
2.7943836184
2.7934703577
2.7948755353
2.7935703267
2.7938726881
2.7954867904
2.7932663602
2.7939414949
2.7938197705
2.7936396942
2.7930998165
2.7927624297
2.7933510018
2.7923385315
2.7922198760
2.7935753649
2.7931794680
2.7937592454
2.7946355262
2.7949857606
2.7957622456
2.7953176167
2.7950044234
2.7954449586
2.7943071369
2.7935946439
2.7951311352
2.7939528126
2.7936287138
2.7945250196
2.7960267697
2.7974187539
2.7959404150
2.7951592445
2.7944706955
2.7955508028
2.7952538307
2.7937114426
2.7924362056
2.7928890392
2.7937170320
2.7941278951
2.7931493697
2.7934173555
2.7955546298
2.7949145621
2.7945465708
2.7937401575
2.7925397124
2.7923710361
2.7924199888
2.7918398299
2.7943063673
2.7935401604
2.7933534827
2.7931050895
2.7941223642
2.7951963986
2.7954575961
2.7958630583
2.7960771870
2.7961356951
2.7963695222
2.7949471912
2.7937736807
2.7940431385
2.7935464803
2.7919580760
2.7928227825
2.7921828232
2.7931646769
2.7936422891
2.7936084605
2.7937140756
2.7924171295
2.7924773926
2.7911134355
2.7903260552
2.7916850682
2.7926188825
2.7939524740
2.7949759704
2.7954364740
2.7943532056
2.7948574336
2.7940063709
2.7932668152
2.7945043510
2.7948893616
2.7950232819
2.7955505690
2.7950780351
2.7948952554
2.7947490808
2.7951001624
2.7943624690
2.7955435185
2.7955332606
2.7971603145
2.7971907898
2.7982612703
2.7959681914
2.7955602601
2.7966299514
2.7929217160
2.7943527615
2.7946798769
2.7948478464
2.7967171567
2.7983257019
2.7966789361
2.7970591897
2.7964896259
2.7946219141
2.7952344381
2.7940181576
2.7955629903
2.7938394828
2.7940900300
2.7941485161
2.7936955465
2.7949795370
2.7957036402
2.7964939807
2.7967666042
2.7967772765
2.7959701328
2.7965211679
2.7966057511
2.7953122780
2.7943726245
2.7924467475
2.7928543566
2.7941701822
2.7957671063
2.7978533329
2.7970853025
2.7968503454
2.7959197361
2.7966818572
2.7970787186
2.7957507015
2.7964154258
2.7977802584
2.7981504417
2.7985805418
2.7975986407
2.7954022173
2.7962844702
2.7965074025
2.7970513072
2.7952823385
2.7951645419
2.7943527927
2.7950865876
2.7938544049
2.7926988740
2.7939321598
2.7941704770
2.7954218011
2.7960941262
2.7965170084
2.7964931595
2.7968275473
2.7965006215
2.7981378079
2.7982702532
2.7985784009
2.7980918634
2.7968641059
2.7964259454
2.7968722730
2.7972420638
2.7961570922
2.7970190888
2.7970457065
2.7986205002
2.7978831464
2.7974137139
2.7977022094
2.7959991553
2.7964385198
2.7955931910
2.7950384138
2.7959152517
2.7950315768
2.7945696513
2.7964284850
2.7947361317
2.7934965540
2.7930870965
2.7933129055
2.7919965589
2.7937494006
2.7925644987
2.7935724691
2.7930196791
2.7940188038
2.7934352582
2.7944023598
2.7959161641
2.7940431551
2.7914527512
2.7908256418
2.7915592224
2.7923852659
2.7932491563
2.7953489548
2.7931772878
2.7944848429
2.7940650379
2.7931054461
2.7945454935
2.7958173080
2.7956569955
2.7960634707
2.7947915217
2.7958391238
2.7951057088
2.7949839603
2.7953883863
2.7949525612
2.7945268396
2.7936711753
2.7926974748
2.7924272274
2.7946726728
2.7937377823
2.7933717808
2.7939076264
2.7954510201
2.7948736949
2.7946991443
2.7961989910
2.7955933241
2.7937306221
2.7944203441
2.7938101688
2.7938788160
2.7929436998
2.7933773381
2.7945108039
2.7939830175
2.7922071601
2.7917505280
2.7919057735
2.7926979190
2.7957901875
2.7951571598
2.7934369725
2.7939492959
2.7931788384
2.7937186142
2.7945089718
2.7948405090
2.7949275835
2.7946552053
2.7954412278
2.7963204594
2.7956694013
2.7966030143
2.7975158439
2.7956711671
2.7963050975
2.7961983726
2.7950765729
2.7951980406
2.7950203521
2.7953212824
2.7944772307
2.7957373247
2.7946678685
2.7950562801
2.7957582156
2.7954414300
2.7952647671
2.7946330311
2.7938465304
2.7952818127
2.7951351355
2.7944843220
2.7946802436
2.7948120919
2.7941601953
2.7938566972
2.7915928790
2.7932912191
2.7923982678
2.7937812673
2.7947418173
2.7948397220
2.7952346954
2.7936415350
2.7917417120
2.7926075936
2.7937076442
2.7928977956
2.7914147857
2.7917264388
2.7921429591
2.7921083400
2.7926855360
2.7916365987
2.7930068530
2.7920316374
2.7930104434
2.7940329772
2.7921471440
2.7923405690
2.7925005630
2.7935457802
2.7947059013
2.7932743802
2.7941485000
2.7945804815
2.7940592827
2.7930954781
2.7933132938
2.7941814355
2.7935084349
2.7946886303
2.7946643907
2.7965227375
2.7959532072
2.7957133729
2.7953099820
2.7955894819
2.7948465199
2.7974927629
2.7964244628
2.7959113206
2.7953600530
2.7960485834
2.7946456124
2.7946187439
2.7952772984
2.7964565865
2.7956356782
2.7958516596
2.7948555409
2.7951381617
2.7965184533
2.7952908164
2.7949572808
2.7935683531
2.7929552917
2.7946518634
2.7961749986
2.7951367291
2.7938273185
2.7938928109
2.7923128914
2.7923955609
2.7940588548
2.7932873495
2.7922872435
2.7916217798
2.7937649627
2.7936808937
2.7948038915
2.7968545118
2.7971706047
2.7949073206
2.7934472553
2.7930016027
2.7941146536
2.7929062830
2.7921620079
2.7940780493
2.7947293037
2.7940511043
2.7942811173
2.7942627547
2.7945905759
2.7934538935
2.7949700251
2.7950836622
2.7962530523
2.7964049043
2.7971502764
2.7968983011
2.7969185220
2.7971688660
2.7968731848
2.7966685343
2.7977229357
2.7979718453
2.7984001040
2.7976175538
2.7971189206
2.7960153430
2.7953748871
2.7956375691
2.7963582779
2.7976795857
2.7971886661
2.7976127370
2.7964885090
2.7966233873
2.7942629490
2.7950832469
2.7942445606
2.7943668516
2.7943626558
2.7943505185
2.7946162199
2.7945891391
2.7948095020
2.7956759819
2.7952757716
2.7976401650
2.7966801249
2.7961119036
2.7949889720
2.7965170428
2.7967608067
2.7947326077
2.7942857816
2.7924928590
2.7944283042
2.7939648901
2.7936576161
2.7953255345
2.7950300776
2.7954061254
2.7950553088
2.7956612023
2.7954685353
2.7955470490
2.7966755853
2.7973719021
2.7960138939
2.7972581743
2.7977843123
2.7966049549
2.7952478503
2.7948721889
2.7951161619
2.7957136892
2.7970350435
2.7965389970
2.7973650717
2.7983755665
2.7982579510
2.7976787094
2.7989879982
2.7989363543
2.7995786685
2.7995539827
2.7988413177
2.7988692455
2.7969913055
2.7992477230
2.7993955230
2.7993935077
2.7993176942
2.7979123140
2.7971589673
2.7979594918
2.7961296012
2.7959431240
2.7958065670
2.7956698272
2.7951326286
2.7943825339
2.7943978486
2.7947437626
2.7949787491
2.7969677013
2.7971783447
2.7976762007
2.7956064683
2.7947650952
2.7953603532
2.7953578771
2.7950332719
2.7943955798
2.7953864177
2.7942787304
2.7951818671
2.7951093117
2.7944841196
2.7941611018
2.7928525333
2.7936128459
2.7939821029
2.7940565678
2.7952893865
2.7949298165
2.7940922402
2.7932666182
2.7949384951
2.7936215481
2.7944639783
2.7940672730
2.7912003741
2.7939009410
2.7961119645
2.7958431682
2.7953923273
2.7962931644
2.7955851284
2.7960971070
2.7970915325
2.7957314069
2.7975656476
2.7978989978
2.7977262837
2.7965216834
2.7965270919
2.7963963525
2.7972143866
2.7960569091
2.7951224427
2.7947001444
2.7946208825
2.7952535569
2.7945434396
2.7942929127
2.7952245088
2.7950794970
2.7950366690
2.7957856827
2.7957952786
2.7972080312
2.7970771384
2.7961777972
2.7961702388
2.7947519651
2.7959833565
2.7950954094
2.7957092835
2.7942371682
2.7951491231
2.7951079263
2.7946977418
2.7957143223
2.7954539130
2.7960000905
2.7938778250
2.7935106079
2.7939407595
2.7949327290
2.7936695225
2.7936489019
2.7935319746
2.7935448253
2.7957141792
2.7951229156
2.7950000881
2.7945813004
2.7943232973
2.7948037169
2.7944138484
2.7940726477
2.7940576729
2.7930731031
2.7942205067
2.7955633719
2.7950224656
2.7943699229
2.7961963092
2.7957717422
2.7956914933
2.7948319190
2.7940073050
2.7937729354
2.7936011975
2.7952815039
2.7939278291
2.7929307901
2.7937941547
2.7934266313
2.7940828437
2.7941709941
2.7923415569
2.7928360564
2.7941283817
2.7961168703
2.7954643692
2.7927269514
2.7928113831
2.7927102514
2.7944345849
2.7943201211
2.7947155134
2.7959779329
2.7962534571
2.7981633359
2.7968757645
2.7969255992
2.7974461931
2.7973747941
2.7958666793
2.7961903466
2.7961857926
2.7959463086
2.7964799687
2.7967973186
2.7984825965
2.7971545199
2.7984533238
2.7994439887
2.7973153628
2.7957397283
2.7975172148
2.7998169339
2.8007431352
2.7999993159
2.7997712074
2.7994522734
2.7992479138
2.7981097676
2.7967286489
2.7973630699
2.7964970766
2.7975688687
2.7975935634
2.7965363074
2.7966854231
2.7971259050
2.7967351998
2.7950852028
2.7961053831
2.7952268933
2.7947445010
2.7938635324
2.7934517230
2.7934332358
2.7928508480
2.7930813718
2.7946255903
2.7936568888
2.7937127679
2.7928097010
2.7923180495
2.7922578094
2.7949280444
2.7940959815
2.7956524952
2.7955378980
2.7969287881
2.7959697081
2.7970577383
2.7967451984
2.7968976667
2.7951082283
2.7942273756
2.7945631901
2.7957571646
2.7959113446
2.7944411303
2.7931775996
2.7930076128
2.7960120452
2.7958591237
2.7949463796
2.7960473357
2.7974657980
2.7966370438
2.7952726750
2.7956500248
2.7950858152
2.7946719366
2.7943308927
2.7941577883
2.7941244435
2.7939341550
2.7935367466
2.7943135596
2.7935967154
2.7949538455
2.7952710579
2.7969503013
2.7957167449
2.7963637170
2.7968281395
2.7971585216
2.7980970423
2.7977637664
2.7969610843
2.7980105515
2.7957496204
2.7957070835
2.7955934554
2.7957460352
2.7952298691
2.7950033665
2.7935451463
2.7953809681
2.7955171856
2.7951871980
2.7938882721
2.7962652288
2.7969716555
2.7952870165
2.7957898726
2.7958256397
2.7957616274
2.7963698457
2.7959869855
2.7967015958
2.7965999550
2.7973214323
2.7957442897
2.7966146406
2.7968951956
2.7959514280
2.7960119957
2.7951163062
2.7956634866
2.7961827630
2.7935838290
2.7952549776
2.7964565670
2.7967579146
2.7966628069
2.7953323160
2.7948374084
2.7953743354
2.7961901433
2.7973520363
2.7974796994
2.7961658501
2.7955949706
2.7950227850
2.7949830534
2.7954216855
2.7965188920
2.7966479895
2.7960112716
2.7957078769
2.7967916011
2.7963571266
2.7942168869
2.7943987443
2.7967258202
2.7956879967
2.7962016267
2.7957375755
2.7962739077
2.7950425627
2.7963020935
2.7971483035
2.7962114781
2.7978112268
2.7983158516
2.7977962683
2.7963786520
2.7974227066
2.7968361536
2.7961916386
2.7958385892
2.7957015680
2.7958578866
2.7951218219
2.7951039463
2.7953494826
2.7949351315
2.7948036685
2.7969671179
2.7970097218
2.7975502993
2.7975096337
2.7969008042
2.7969497156
2.7963341932
2.7958730773
2.7951053427
2.7934747736
2.7940118539
2.7945477788
2.7958814041
2.7957600703
2.7962723612
2.7962706940
2.7941873601
2.7927552731
2.7949952446
2.7954099045
2.7937074062
2.7936363944
2.7943175503
2.7939375042
2.7928416243
2.7941577074
2.7946321616
2.7940957588
2.7937372162
2.7939936833
2.7936056946
2.7937389079
2.7935953513
2.7938685085
2.7948049645
2.7960976592
2.7966710454
2.7974888249
2.7965492016
2.7959562017
2.7952823898
2.7941753730
2.7958345091
2.7951072167
2.7950871603
2.7953573570
2.7955986808
2.7959341221
2.7974193598
2.7968582984
2.7965786893
2.7958457151
2.7956644517
2.7943361833
2.7938012664
2.7943935777
2.7952774005
2.7953754090
2.7953233588
2.7948347906
2.7957018148
2.7963064361
2.7946943593
2.7947417613
2.7947700600
2.7954300349
2.7940643916
2.7945134043
2.7950625052
2.7967914404
2.7983024953
2.7979412424
2.7961414358
2.7944390167
2.7954810086
2.7952839346
2.7956303019
2.7965943879
2.7958248695
2.7981489262
2.7968579212
2.7957548479
2.7949991174
2.7960124111
2.7960296605
2.7953986864
2.7947847466
2.7939607760
2.7931466258
2.7944336568
2.7950849982
2.7962850111
2.7981064797
2.7969455548
2.7969080485
2.7946774447
2.7956416095
2.7949331574
2.7940594602
2.7957479391
2.7948914972
2.7968550859
2.7971247099
2.7943007095
2.7957860783
2.7947764402
2.7948461175
2.7934711597
2.7924440045
2.7937561393
2.7943891866
2.7947541860
2.7966281988
2.7963121211
2.7948401025
2.7937159759
2.7946798613
2.7944002559
2.7938478437
2.7939581694
2.7964968845
2.7962016953
2.7968767258
2.7981910236
2.7979626834
2.7979433355
2.7965032161
2.7956785038
2.7955829525
2.7959393477
2.7970168598
2.7962001453
2.7965023772
2.7965846742
2.7941538548
2.7939835343
2.7945669142
2.7946571031
2.7942108259
2.7959133159
