-0.0005624705
0.0001707523
-0.0006986513
-0.0002404701
0.0000709703
-0.0002835397
-0.0002812574
-0.0003993272
-0.0004033674
-0.0003667824
-0.0000463315
-0.0002562497
-0.0003112689
0.0005551118
0.0007784248
0.0000123151
0.0002465693
-0.0002029672
-0.0002258783
-0.0000966941
-0.0003094633
-0.0004409420
-0.0004693366
-0.0005954046
0.0002837201
0.0004925156
0.0004806081
-0.0008370775
-0.0004059383
-0.0002221422
0.0002281506
0.0004651540
0.0002575938
0.0003388944
0.0007397587
0.0007883538
0.0005531902
0.0005724363
0.0003914242
0.0002954704
0.0000853103
-0.0002186808
0.0000871109
-0.0000422852
0.0000900794
-0.0001874582
-0.0004422315
0.0001187896
0.0002633471
0.0003491749
-0.0001140842
0.0002238810
0.0000219374
-0.0000197663
-0.0003039568
-0.0003628856
-0.0000455405
0.0001922579
-0.0004185077
-0.0005274096
-0.0006131998
0.0001041977
0.0002903291
0.0004768067
0.0001985588
0.0007484614
0.0004426824
0.0000682301
-0.0001284619
-0.0001595200
-0.0010876664
-0.0000076329
-0.0000854711
-0.0001697782
0.0000840302
0.0000597234
-0.0000334753
-0.0002506376
-0.0009588373
0.0004445762
0.0006114792
-0.0000901472
0.0003429086
0.0005376181
0.0005231549
0.0007135608
0.0009512682
0.0002752800
0.0007666844
0.0004564860
-0.0000386620
0.0000146149
0.0007221967
0.0006935446
0.0004752700
0.0005484143
0.0003757059
0.0001525207
0.0001643132
-0.0000067983
-0.0003678982
0.0003048447
0.0006438952
0.0011126970
-0.0000249500
-0.0000991090
0.0000712593
0.0001936518
-0.0004970796
0.0001432903
0.0004332317
0.0003390888
0.0004128741
0.0002065607
0.0006240419
-0.0003393866
-0.0009772345
-0.0010236818
-0.0006011972
-0.0002956471
-0.0003584841
0.0000441152
-0.0003002315
-0.0000607882
-0.0002892882
-0.0001135515
-0.0003670480
-0.0000907583
-0.0001475770
-0.0001228073
-0.0002347311
-0.0000583119
-0.0001910734
0.0003102040
0.0001410133
0.0001100576
0.0000286592
0.0002822741
0.0005353484
0.0000895591
0.0002739953
0.0004556350
0.0000691554
-0.0009495785
-0.0007204089
-0.0008208100
-0.0006021832
-0.0007747988
-0.0012955273
-0.0003008446
0.0001445574
-0.0000651777
-0.0000802591
0.0000436558
-0.0002103529
-0.0000045666
0.0003146115
-0.0003031657
-0.0000630468
-0.0004338507
-0.0006243939
0.0005096094
0.0009508141
0.0006879238
0.0007612017
-0.0002928416
-0.0002371884
-0.0002054868
0.0002859477
0.0007741883
-0.0001830379
-0.0001098796
-0.0000325242
0.0000128075
0.0000873107
-0.0001195202
-0.0008656514
0.0004257405
0.0000903191
0.0003007992
0.0002818182
0.0004613487
-0.0001699111
-0.0006253848
-0.0001936830
0.0002484745
0.0005503120
0.0001592111
0.0001395439
-0.0009005096
-0.0006358015
-0.0011018075
-0.0008202378
-0.0002232572
-0.0004563615
-0.0000801839
0.0001109380
-0.0001494683
-0.0003686434
-0.0001869853
-0.0006724659
-0.0000107692
-0.0004494731
-0.0006411763
-0.0007295996
-0.0004752978
-0.0001721391
-0.0001407734
0.0008156326
0.0000549530
-0.0004793545
-0.0005502558
-0.0004569648
-0.0005481146
-0.0007138135
-0.0005094954
-0.0006393333
-0.0005564341
0.0000738570
-0.0000055444
0.0001458349
-0.0007049376
-0.0003944097
0.0000166110
0.0005861932
0.0006679893
0.0003268346
-0.0000528370
-0.0003267446
0.0006766346
0.0007299999
0.0005075128
0.0004666719
-0.0000720376
-0.0010342280
-0.0005940733
-0.0003567844
-0.0002509170
-0.0006646247
-0.0003502564
-0.0001302653
0.0001459194
0.0001940015
0.0000496972
-0.0003381527
0.0000334370
-0.0003009347
0.0000460116
0.0004723647
0.0005813052
0.0000640507
0.0005734016
0.0006210208
0.0001300417
-0.0004145528
-0.0003625033
-0.0002664043
0.0000974288
0.0000771157
0.0003485624
0.0003811009
0.0005959379
0.0002884823
0.0000144730
0.0001003871
0.0000863701
-0.0004242861
0.0000209197
-0.0003505399
-0.0000806344
-0.0005925014
0.0000340628
-0.0004061593
-0.0000267225
0.0005061704
-0.0000853376
-0.0006319516
-0.0005290720
-0.0005704597
-0.0000325828
0.0001345474
0.0000163112
-0.0010263019
-0.0004889427
-0.0005817534
-0.0003770253
-0.0003322880
-0.0000013305
0.0001693081
-0.0002936264
-0.0000314791
-0.0001313114
-0.0002605049
-0.0006119790
0.0001335031
0.0002023571
-0.0007822535
-0.0007746910
-0.0007049696
-0.0003243096
-0.0000838438
-0.0008228227
-0.0006177677
-0.0007865794
-0.0002360655
-0.0000171717
0.0003194623
0.0002586768
-0.0000032429
-0.0002411900
-0.0001570201
-0.0004114505
0.0001297292
-0.0003179079
0.0001135885
-0.0000470892
0.0001544073
0.0001432259
-0.0002610876
0.0001706751
0.0002880742
0.0002845704
-0.0002585843
-0.0005208624
0.0001428851
0.0001789770
-0.0000924410
0.0002865483
-0.0001666676
-0.0003021546
-0.0000025184
0.0001725916
-0.0000237972
-0.0000012924
0.0001501905
0.0006338922
0.0009467333
0.0009270466
0.0008711124
0.0002468432
-0.0006085198
-0.0001545751
-0.0011668275
-0.0005838854
-0.0001709501
-0.0005961209
-0.0004335289
0.0000274824
0.0001606967
0.0003552242
0.0003108608
0.0002881537
0.0000624381
-0.0000364299
0.0002533493
0.0005937033
0.0006841468
0.0003172102
0.0006929185
0.0000246274
-0.0000026510
-0.0001742928
0.0002591716
-0.0001476779
-0.0004241616
-0.0002928905
-0.0001948054
0.0001873198
0.0008404968
0.0002674233
0.0000574385
-0.0000995060
0.0000079816
0.0004837573
-0.0000425152
-0.0000161263
0.0006335829
0.0005691769
0.0006723424
0.0005317035
0.0003643653
0.0003003347
0.0007426418
0.0008411423
0.0004060650
0.0002075311
0.0003817495
0.0006682233
0.0001682510
0.0003150607
0.0004515612
0.0002167378
-0.0002401025
0.0001759392
0.0008277194
0.0007156264
0.0000887162
-0.0002020625
0.0000673465
0.0001081982
0.0002727736
-0.0000689191
0.0000447201
0.0006024435
-0.0000806637
0.0008100045
0.0008677296
0.0006149897
0.0002121969
0.0004616966
0.0005298407
0.0000748257
-0.0001489440
0.0000038012
-0.0001614072
0.0000779991
0.0002278739
-0.0009128393
-0.0005571021
0.0000962964
-0.0006826704
-0.0002495182
-0.0001157798
-0.0005777807
0.0002876854
0.0001879871
0.0006654805
0.0001644881
-0.0000561070
0.0000824548
0.0000026015
-0.0000017769
-0.0002064711
-0.0005370145
-0.0005933534
-0.0005248093
-0.0008798153
0.0001710801
-0.0003239472
0.0002920324
0.0000717400
0.0005095811
0.0002135046
0.0000082740
-0.0003256735
0.0000728222
-0.0004096319
-0.0001128116
0.0008594247
0.0004624579
-0.0004625673
-0.0003755047
-0.0000310183
0.0001708178
-0.0001195483
0.0000646649
-0.0004451254
-0.0008921735
-0.0005974584
-0.0007100583
-0.0002537418
0.0000673354
0.0000315088
0.0004357135
0.0005793030
0.0005058886
-0.0001056264
-0.0004578855
-0.0004996330
-0.0003560764
-0.0001335904
-0.0001183811
-0.0008531006
-0.0007454575
-0.0003245048
-0.0007075229
-0.0007918550
-0.0000529083
-0.0001823658
-0.0000634320
-0.0002198676
-0.0000483298
0.0003655697
-0.0001947365
0.0000939317
0.0002434728
0.0002621086
-0.0000282928
-0.0003366175
-0.0003004775
-0.0004150619
-0.0002123411
-0.0003145733
-0.0003733077
-0.0005382881
-0.0000034825
0.0000938279
0.0001105858
-0.0010721409
-0.0006893267
-0.0002993779
0.0005906869
0.0001976607
0.0003870260
-0.0002992308
0.0004037894
0.0001652923
0.0005474039
-0.0002734713
0.0000162120
0.0002362029
-0.0003016771
-0.0003366490
-0.0009225768
-0.0000136669
-0.0001099002
-0.0002048735
0.0000807706
-0.0003531259
-0.0008189601
-0.0012739077
-0.0000749699
-0.0000728331
0.0001592979
0.0006326086
0.0002934193
-0.0002429187
-0.0006814833
-0.0002997607
-0.0001461234
-0.0004644262
-0.0002255934
0.0004773082
-0.0003050169
-0.0001519827
-0.0002954500
-0.0013251243
-0.0009315318
-0.0010020509
-0.0001623810
-0.0001861779
-0.0002406623
-0.0002153316
-0.0007257333
-0.0008666820
-0.0010651130
-0.0008215125
-0.0010573278
0.0000822288
0.0001092147
0.0005255378
0.0000940461
0.0000391292
0.0002686904
0.0004307619
0.0009711077
0.0003986486
-0.0000371735
0.0003522134
-0.0003146135
0.0000385720
0.0002581037
0.0005473929
0.0003220203
0.0000519744
0.0004794415
-0.0006053575
-0.0005982082
-0.0000911535
0.0005806075
-0.0000465943
0.0001923456
0.0002570735
-0.0002701347
-0.0001650729
-0.0003902115
-0.0001931567
-0.0000118435
-0.0000443169
-0.0004280511
-0.0008447005
-0.0007104643
0.0001083455
-0.0001154822
-0.0000817315
0.0001379970
0.0000238950
0.0010928325
0.0012596772
0.0012235869
0.0003976617
0.0003643285
0.0002095189
-0.0000212438
0.0004648879
0.0002955016
0.0002094621
0.0001029314
0.0001067884
0.0005111883
0.0004122079
0.0010582086
0.0009148754
0.0006211119
0.0005695124
0.0004116620
0.0007957244
0.0009480837
0.0001913621
0.0006219017
0.0001403750
0.0004131592
0.0005569707
0.0003030464
0.0007133812
0.0006103701
-0.0001272953
0.0005480143
0.0007413796
-0.0000912389
-0.0002731215
-0.0004466130
-0.0013816998
-0.0005626331
-0.0004891521
-0.0004686209
-0.0008683813
-0.0006846584
-0.0005394553
-0.0006502771
-0.0006376700
0.0000369823
0.0005651000
0.0006151857
0.0004621210
0.0004937956
0.0001995394
0.0005568925
0.0003603273
0.0002256741
0.0004793118
-0.0004834116
-0.0002103606
0.0002880346
-0.0000994545
-0.0005547156
-0.0004849169
-0.0003300477
-0.0002256240
-0.0006464013
-0.0005750657
0.0002196493
-0.0002909615
-0.0005882738
-0.0007570740
0.0000127635
0.0002409606
0.0004843529
0.0005789088
0.0006602061
0.0005933563
0.0002139290
0.0006506335
0.0005729622
0.0006360807
0.0005492446
0.0005475353
0.0000395163
0.0002005091
0.0003736212
-0.0006640326
-0.0000014519
0.0003167708
0.0005948200
0.0003206981
0.0003230521
-0.0002331123
0.0001052217
-0.0001047479
-0.0003899290
-0.0006685190
-0.0001271731
0.0001052828
-0.0005060186
-0.0002041783
-0.0003590289
-0.0000620808
0.0008939987
0.0005382995
0.0004612632
0.0001148526
0.0000807833
0.0004480565
0.0003515779
0.0002445278
0.0000782602
-0.0001970359
0.0003753262
0.0008457980
0.0002523344
0.0008898137
0.0012388124
0.0013100508
0.0007478934
0.0006173511
0.0007756816
0.0006366882
0.0004468995
0.0011636167
0.0002079614
0.0004843871
-0.0000047673
-0.0000023785
-0.0001746465
-0.0004195408
-0.0006748220
-0.0001452897
0.0002462961
0.0001482665
0.0001575344
-0.0007905721
-0.0003726037
0.0004039997
-0.0001484760
0.0003009402
0.0002163089
0.0008878624
-0.0002347250
-0.0004088564
-0.0003953139
0.0000257322
0.0000766597
-0.0000980200
0.0007118306
-0.0000173630
0.0000946015
0.0004607323
-0.0004748271
-0.0003282510
-0.0004926724
-0.0003501920
-0.0006367956
-0.0007605003
-0.0004042916
-0.0000938709
-0.0002685454
0.0002726636
0.0000042760
-0.0001396924
0.0000257534
0.0000960975
-0.0002826245
-0.0004874543
-0.0010751265
-0.0008831272
-0.0000418145
-0.0002886503
-0.0003305320
0.0000952921
-0.0006959549
0.0004137626
0.0002380803
0.0006489141
0.0005268779
0.0001910310
0.0007729834
0.0001147314
-0.0001067820
-0.0007042004
0.0002814310
0.0006262757
0.0003655483
0.0002880375
-0.0003018991
0.0001603838
0.0000392195
-0.0002468523
0.0003130492
-0.0001448724
0.0000639125
-0.0001986441
-0.0000135987
-0.0002419697
-0.0005848751
-0.0011296856
-0.0007664993
-0.0003092655
-0.0002392380
0.0001307230
-0.0006297931
-0.0008402615
-0.0007739277
-0.0002619718
-0.0003868467
-0.0001187570
0.0004466244
0.0008349060
0.0003364651
0.0004248157
0.0006122675
0.0005272300
0.0001842400
-0.0002409507
-0.0004948480
-0.0003136822
0.0000368602
0.0006083722
-0.0002644768
0.0003998466
0.0005567657
0.0001125648
-0.0000135451
-0.0002670469
0.0006051732
0.0005073896
-0.0004719988
-0.0000361373
-0.0004809276
-0.0001446551
-0.0000576795
-0.0003677653
0.0000552131
0.0000949658
-0.0000465348
0.0002549043
0.0002064000
0.0003254622
-0.0001504301
-0.0006743367
-0.0005572744
-0.0003258232
-0.0000878678
0.0000087420
-0.0004549782
0.0000823631
0.0000040392
-0.0004627372
0.0004650483
-0.0006138306
-0.0001812380
0.0001906450
0.0004438940
-0.0002437967
-0.0002309608
-0.0004469804
-0.0001430483
0.0003574139
-0.0003587980
-0.0006263919
-0.0007609163
-0.0004805873
0.0001040201
0.0001502809
0.0002664334
-0.0003280676
0.0001157935
-0.0002291724
0.0002887869
0.0001785951
0.0002160596
0.0004748710
-0.0004413935
-0.0006670997
-0.0002815347
-0.0001096744
0.0007891544
0.0010153671
0.0007435927
0.0000770586
-0.0000942840
0.0002276749
-0.0003557642
-0.0006800525
-0.0006782272
-0.0001881717
0.0002851439
-0.0001249468
0.0003874276
0.0006428233
0.0006600368
-0.0002818230
-0.0004980887
-0.0005751784
-0.0005946787
-0.0008326242
-0.0003058446
0.0000029224
0.0002861346
0.0000963850
0.0002678871
0.0000397227
-0.0002933113
-0.0002342939
-0.0004159986
-0.0003855954
0.0001422267
0.0000496664
0.0001378087
-0.0000225733
-0.0000790843
-0.0005890138
-0.0001217758
-0.0000836532
0.0004602977
0.0000386520
-0.0009892369
-0.0007712132
0.0003078370
0.0007035382
-0.0000961203
0.0003174703
-0.0000439333
0.0002980000
-0.0000360876
-0.0004603024
0.0000488382
-0.0003064196
-0.0002892462
-0.0004898265
-0.0002353858
-0.0005804346
-0.0005670704
-0.0005930086
0.0001105699
0.0003515574
0.0002268143
0.0004581393
-0.0000460662
-0.0001297050
-0.0000462463
0.0000637224
0.0001990513
0.0007740135
0.0010356155
0.0003022342
0.0000578185
0.0003546340
0.0002668913
0.0003892851
0.0007741557
0.0004375482
0.0000256184
0.0000538926
0.0001544696
0.0002569243
0.0000013636
-0.0005063930
-0.0003104357
0.0005228496
0.0009062848
0.0004723181
0.0001282440
0.0001834838
0.0005175457
0.0001844476
-0.0001841740
-0.0002614304
-0.0000877935
-0.0002516062
-0.0004086555
0.0000508190
0.0002473931
0.0006757054
0.0003394146
-0.0003723366
-0.0002542574
-0.0005320216
-0.0001683379
0.0004480076
0.0008534179
0.0004583236
0.0001861755
0.0002727941
0.0005097174
-0.0001773453
-0.0001197234
-0.0000663400
-0.0001563101
-0.0000608661
-0.0001502919
0.0000554649
0.0003948459
-0.0001793049
-0.0000022290
0.0006109698
-0.0001346579
0.0003195082
0.0008247587
0.0002140163
-0.0001805644
0.0007163462
0.0008719844
0.0010059350
-0.0001958701
-0.0000056828
-0.0002397591
0.0001008985
-0.0002640747
-0.0005129858
-0.0001382297
