1.7710196800
1.7890883325
1.7786276753
1.7701322117
1.7706280598
1.7724141843
1.7706721724
1.7605825757
1.7665722509
1.7696539007
1.7646480852
1.7820419899
1.7559112068
1.7459486105
1.7558049984
1.7776263491
1.7777592637
1.7873793654
1.7747227746
1.7702698908
1.7718244569
1.7889217451
1.7921094078
1.7651985438
1.7739028402
1.7546830767
1.7539984092
1.7630060972
1.7693438989
1.7662628548
1.7739687756
1.7933381366
1.7923149956
1.7895768720
1.7751129482
1.7644789147
1.7697998805
1.7775094635
1.7783575849
1.7792845648
1.7753395832
1.7865004759
1.7846114561
1.7856793662
1.7712008483
1.7932352100
1.7793458473
1.7755158941
1.7771262908
1.7719499438
1.7955138161
1.7978738687
1.8020555978
1.8126179520
1.8193165717
1.8051252054
1.8025265450
1.8045789880
1.8086161159
1.7721175625
1.7785761138
1.7855052439
1.7886846576
1.7975009400
1.8041566102
1.7781667019
1.7756412375
1.7715179159
1.7816906662
1.7754083704
1.7794704200
1.7809474430
1.7933536108
1.7800502859
1.7780103384
1.7723037018
1.7810122723
1.7826275485
1.7851221902
1.7894173344
1.7809687634
1.7913609605
1.7714055679
1.7656685993
1.7755828040
1.7521832210
1.7405430702
1.7521053293
1.7464488014
1.7674197513
1.7621052433
1.7778675726
1.7910813522
1.7859552677
1.7885668051
1.7865543676
1.7726705145
1.7740760603
1.8011121133
1.7886566501
1.7917095485
1.7894848967
1.7978624416
1.7781105618
1.7776742435
1.7929682208
1.8076648103
1.7834543780
1.7750211571
1.7941018335
1.7915033710
1.8076713752
1.7865233570
1.8113561723
1.8026451488
1.8169534064
1.8085779105
1.8188968107
1.8191685580
1.8324625640
1.8268018559
1.8100901425
1.7885117586
1.7927555369
1.8136551825
1.8116081692
1.7985565847
1.7921624367
1.7712917417
1.7862282045
1.7752439011
1.7725001072
1.7986519919
1.8094093987
1.8006797888
1.8139300160
1.8022253271
1.7840430866
1.7659877343
1.7556523945
1.7635364974
1.7706074805
1.7889093727
1.8057857036
1.8154015855
1.8418363005
1.8368241638
1.8131053666
1.8138468361
1.8051722230
1.8043852170
1.8267378095
1.8112540152
1.8028833141
1.8192558979
1.8061258826
1.7936649159
1.8097598063
1.7916597873
1.7995490283
1.7955050361
1.7990356464
1.7992574851
1.7867036926
1.7650196073
1.7640821273
1.7547121967
1.7642586251
1.7663597965
1.7767644065
1.7835607476
1.7828455601
1.7690138607
1.7576825554
1.7724207176
1.7651756232
1.7723392017
1.7761264248
1.7987905286
1.7944549406
1.7865273323
1.7926049137
1.8073283811
1.8065579449
1.8135443942
1.8045557383
1.8086179868
1.7917725608
1.7841057672
1.7945212663
1.7743208620
1.7598790655
1.7604556325
1.7484610823
1.7562541252
1.7695036621
1.7713690291
1.7656394186
1.8009046271
1.7683572490
1.7659849135
1.7679127124
1.7761673615
1.7419834514
1.7336419704
1.7465422719
1.7638520554
1.7763762672
1.7682245030
1.7845886603
1.7720617589
1.7715646570
1.7773328534
1.7804819568
1.7903923255
1.7843568620
1.7883075819
1.7916116448
1.7931775957
1.7639210447
1.7771130688
1.7733582322
1.7793678562
1.7982962973
1.7807505312
1.7929836273
1.8053707797
1.8154097329
1.8107438461
1.8145307116
1.8264513193
1.8332087198
1.8179208709
1.8161563692
1.8198420546
1.8197701611
1.8128185511
1.8092005337
1.8177741195
1.8146579761
1.8012207908
1.8262893221
1.8229007502
1.8204895145
1.8105096440
1.8099843859
1.7941851548
1.8084485523
1.8067800063
1.8172505041
1.8054265820
1.8225195316
1.8165084390
1.7969873075
1.7866794827
1.7922483337
1.7812632472
1.7835548965
1.7836398728
1.8031401969
1.7943286715
1.7917018813
1.7990211102
1.7962160179
1.7902568675
1.7969168018
1.7923089422
1.8037364684
1.8255711319
1.8153076060
1.8217431218
1.7973803618
1.8153449498
1.8085618280
1.7893643565
1.7861790769
1.8011437419
1.7846525188
1.7778917868
1.7696120839
1.7804492985
1.7706795980
1.7847831625
1.7794570620
1.7670672953
1.7829461137
1.7851811056
1.7758991346
1.7767050656
1.8003263328
1.7865472246
1.7876670444
1.8079244867
1.8062033942
1.8070297112
1.8108159859
1.8153566606
1.8036008363
1.8013805409
1.8076500122
1.8124689327
1.8202955927
1.8332672707
1.8434113731
1.8296325120
1.8178885544
1.8075610147
1.8093958829
1.8086953064
1.7986559298
1.8024445457
1.7953398935
1.8013818051
1.7921450772
1.7710194916
1.7798082107
1.7780673042
1.7739226651
1.7766365023
1.7572775236
1.7672578231
1.7773715887
1.7643964525
1.7774970470
1.7698760998
1.7707615272
1.7572016124
1.7821867628
1.7844385339
1.7797720322
1.7976822926
1.7913362285
1.7882785658
1.7790081412
1.7711823596
1.7730799068
1.7740292901
1.7680603919
1.7997343573
1.7988012316
1.7731546866
1.7646324307
1.7716650392
1.7666948355
1.7909843076
1.7820223681
1.7822063661
1.7964482050
1.7950933753
1.7920837801
1.7893515390
1.7834654805
1.7782165418
1.8018148839
1.8000354694
1.8215370148
1.8159468064
1.8049701222
1.8099564626
1.7983257942
1.8012077652
1.8075486039
1.7937074261
1.8162479039
1.8200120371
1.8167609283
1.8145427092
1.8224326236
1.8478298995
1.8364331075
1.8317894027
1.8194760226
1.8053598851
1.8070386181
1.7943823481
1.8168501632
1.8178646918
1.8169343940
1.8061481498
1.8104445567
1.7961379773
1.7954014862
1.8213736782
1.8387162254
1.8408942756
1.8346248311
1.8235572872
1.8273594256
1.8247446892
1.8072500290
1.8047411604
1.8071070508
1.8139698039
1.8098699922
1.8018585196
1.8089942763
1.8107327802
1.8225864697
1.8160489601
1.8181225334
1.8195678934
1.8108377290
1.8051794289
1.7887469672
1.7969337099
1.7976661616
1.7951968736
1.8018400220
1.7916770929
1.7779263697
1.7835116315
1.7758592703
1.7925631099
1.8063402556
1.8202625169
1.8072203087
1.7954561036
1.8126239673
1.8087025195
1.8096958772
1.7997858505
1.7978721678
1.7969573560
1.7787045344
1.7809868967
1.7781779381
1.7758798810
1.7779534896
1.7927678800
1.8018529102
1.7965762028
1.7768432510
1.7917614574
1.7993670349
1.7728715960
1.7570119163
1.7591378725
1.7675057361
1.7812297857
1.7691286073
1.7664708418
1.7709975201
1.7856252333
1.7873289477
1.7900188743
1.7874736294
1.8031326071
1.7952892234
1.7995920821
1.7961966415
1.7846237608
1.7656676049
1.7748610572
1.7713715301
1.7911406741
1.7977851153
1.7969975944
1.8026666932
1.8075598448
1.8194207199
1.8034357352
1.8242599607
1.8145005903
1.8091378227
1.8172478903
1.8243754184
1.8110906854
1.8202973558
1.8003721453
1.8174363110
1.8228997804
1.8392234955
1.8185355314
1.8049867318
1.8028755369
1.7916527640
1.8057536557
1.8022665026
1.7942201568
1.7843682438
1.7754138311
1.7902569397
1.7990800272
1.7932623382
1.7836362680
1.7707078304
1.7671956413
1.7616398065
1.7691959024
1.7830607372
1.7956019633
1.7994839040
1.8078218242
1.8045707567
1.8031232970
1.7971430328
1.7974069966
1.7913361978
1.7750126881
1.7846694988
1.7863633779
1.7892242501
1.8014670042
1.7855020941
1.7907367561
1.7929754930
1.7771005026
1.7816999117
1.7889148529
1.7861407764
1.7989587075
1.8126464195
1.7963752006
1.7887397582
1.8106230958
1.8074843008
1.7974600701
1.7977743171
1.7974831151
1.8088860040
1.8165723997
1.7982232558
1.8066841950
1.7895901606
1.8065920894
1.7899592495
1.7708798285
1.7700769622
1.7565962347
1.7801096328
1.7886889791
1.7823504562
1.7849260482
1.7733970569
1.7559893442
1.7613621424
1.7441985772
1.7475276082
1.7539171573
1.7549132092
1.7537817292
1.7777533692
1.7824654482
1.7859295114
1.7632950511
1.7766895252
1.7738451292
1.7994319337
1.8080429857
1.8012973287
1.8010867766
1.7993431877
1.8006230902
1.7999591176
1.7994233667
1.7929476017
1.8305237315
1.8206526404
1.8089936786
1.8189210967
1.8131125315
1.8144024823
1.8257804303
1.8079017988
1.8224460372
1.8045066820
1.7870117200
1.7889687587
1.7948967029
1.7917980665
1.7847982901
1.7668782206
1.7412054980
1.7722254412
1.7737576143
1.7766670018
1.7861844383
1.8016006412
1.8067480634
1.8145160718
1.8184752456
1.8429606742
1.8145356520
1.8273004292
1.8144430128
1.8056777844
1.8027036960
1.7914815346
1.7903887092
1.8232375109
1.8210489351
1.8103951954
1.7840327578
1.7918768488
1.7982540565
1.8039825029
1.7812897339
1.7851185686
1.7724392336
1.7538638546
1.7741655008
1.7797726199
1.7922606424
1.7831645206
1.7930251879
1.7981299686
1.8003932078
1.8137148884
1.7961092245
1.7694579000
1.7742726112
1.7680864937
1.7985664729
1.7879604204
1.7838722543
1.7828574459
1.7850388219
1.7705153266
1.7796052175
1.7904045446
1.7990943794
1.8061474233
1.7874554960
1.7898055266
1.7686539956
1.7594138252
1.7578496344
1.7501621334
1.7642238554
1.7810865415
1.7860820476
1.7997208957
1.7970488054
1.7828070872
1.7690136489
1.7554096810
1.7529718316
1.7575671663
1.7776757060
1.7859497667
1.7826178236
1.7814466402
1.7701645519
1.7814837746
1.7804517400
1.7745705201
1.7780153275
1.7903522467
1.7860073865
1.7860845642
1.7804507163
1.7635922034
1.7558093892
1.7708556507
1.7763059798
1.7784525947
1.7757263347
1.7926644464
1.8042235042
1.8018174963
1.7809697341
1.7840755377
1.7869515250
1.7687875950
1.7725949863
1.7526371257
1.7556386981
1.7690005218
1.7621742304
1.7702909746
1.7723512800
1.7824984656
1.7767193340
1.7796384652
1.7714242998
1.7658021479
1.7516393783
1.7465494683
1.7683940666
1.7727788155
1.7920680596
1.7975847821
1.7775896406
1.7676585281
1.7833509622
1.7737180468
1.7712596418
1.7976184826
1.8049578159
1.7867938111
1.7860127952
1.8058589013
1.8118486046
1.7988207895
1.7905749619
1.8062090542
1.8006201015
1.8093994796
1.7901003463
1.7677735451
1.7789626173
1.7656703752
1.7819012552
1.7590962596
1.7880796841
1.7742295906
1.7807610573
1.7874419859
1.7958227914
1.7703595960
1.7967753201
1.7868109375
1.7719376876
1.7709539205
1.7703685465
1.7529399145
1.7637474358
1.7719822579
1.7854632679
1.7916675229
1.7780375192
1.7677579754
1.7841512045
1.7741915951
1.7709504485
1.7795021997
1.7911178468
1.7893368503
1.7889138527
1.7930945501
1.7891876058
1.7752919049
1.7582597158
1.7557506778
1.7492276130
1.7591113848
1.7632756263
1.7770114299
1.7576856309
1.7530560089
1.7642503390
1.7680237760
1.7795756681
1.7752185504
1.7727096040
1.7735946237
1.7616537247
1.7605909824
1.7707769690
1.7735661075
1.7854460725
1.7948956862
1.7860649209
1.7479013550
1.7552859868
1.7589171405
1.7460833627
1.7735683169
1.7808899376
1.7861829210
1.7802488232
1.7905524302
1.7831830849
1.7755429987
1.7864494465
1.7793068851
1.7670886917
1.7618880566
1.7871120194
1.8003855256
1.7792739647
1.7774796924
1.7818579381
1.7923468073
1.8089252550
1.8354797478
1.8232316898
1.8195575692
1.8231421945
1.8153819544
1.8266038279
1.8591745995
1.8318962919
1.8151877437
1.8109470410
1.8090815338
1.8101015428
1.8272559680
1.8091867006
1.7861971688
1.7764416147
1.7828088308
1.7826496810
1.7638884839
1.7544038004
1.7737774340
1.7539100496
1.7548897285
1.7414916479
1.7658319422
1.7610883925
1.7518215852
1.7426366776
1.7360031722
1.7482850023
1.7613419594
1.7722610803
1.7649539302
1.7676732427
1.7821322399
1.7836080580
1.7838214606
1.7996509532
1.7917150101
1.7817900827
1.7643148084
1.7686830399
1.7884662429
1.8024719916
1.7869710088
1.7851374112
1.7788268800
1.7551384518
1.7661500429
1.7545543501
1.7783864417
1.7927878661
1.7938176175
1.7907502249
1.7740079186
1.7948626991
1.7989102186
1.7878353226
1.8109640317
1.7933432049
1.7952699057
1.8178923560
1.8387353107
1.8282027553
1.8283477607
1.8161683523
1.7962427104
1.8021631145
1.8104544277
1.7992785047
1.7907620764
1.7877685628
1.7940376659
1.8017878544
1.7969051296
1.7907032206
1.7969977829
1.7944781585
1.8045164893
1.8018447895
1.7982389220
1.8001177126
1.7915601203
1.7974509545
1.7906951753
1.8104933765
1.8047116397
1.7878343681
1.8164072076
1.7875305237
1.7860728524
1.7916168917
1.8030898744
1.7868305122
1.8041545653
1.7869165201
1.7943159532
1.7804706338
1.7926957316
1.8110889203
1.7852012842
1.7924334225
1.7895442533
1.7963672827
1.7898680435
1.7856019447
1.7907693924
1.8051360521
1.7839530341
1.7866701732
1.7956694751
1.8002595304
1.8127643126
1.8196421432
1.8055407717
1.7920118644
1.7910466448
1.7956422478
1.7998633100
1.7802559957
1.7824584779
1.7686972515
1.7805509062
1.7882736978
1.7767693023
1.7786483461
1.7654581320
1.7628894343
1.7635453335
1.7519232834
1.7602781352
1.7825483873
1.7920754500
1.7830398245
1.7802566474
1.7818123114
1.7897011209
1.7777504044
1.7896123897
1.7830116758
1.7995492672
1.7957052681
1.7978581640
1.7858206558
1.7810197851
1.7917462367
1.8064813843
1.7978471288
1.7643974338
1.7769558836
1.7691678275
1.7904608570
1.7771876845
1.7694605996
1.7757413298
1.7845668369
1.8091059641
1.8056595210
1.8138420598
1.8175436064
1.8163119758
1.8239582665
1.8169418366
1.8291285049
1.8210919706
1.8043455706
1.8029380744
1.7743043708
1.7692202099
1.7728268914
1.7861188231
1.7932728905
1.8036583321
1.8086972919
1.8116134905
1.8028635999
1.8025937023
1.8190507622
1.8217175931
1.8062026838
1.7887742049
1.7924262075
1.8055419358
1.7916955345
1.7858137697
1.7823163746
1.7849708390
1.8035198696
1.7829264595
1.7693501599
1.7767275760
1.7895357029
1.7874517852
1.7958406589
1.8034839691
1.7990773181
1.7989660850
1.8037846446
1.7951684107
1.7726704168
1.7751870949
1.7676972137
1.7594920814
1.7526000100
1.7843636697
1.7876136324
1.7846326657
1.7871622778
1.7958977509
1.7977638034
1.7892534517
1.8031107820
1.7988222634
1.8016898859
1.8065023028
1.7959204431
1.7780379705
1.7570205070
1.7645340043
1.7791148407
1.7920858380
1.7939367915
1.7760290450
1.7876104516
1.7850366739
