-0.0029504482
-0.0010240287
-0.0019015599
0.0015706603
0.0038487719
-0.0013430540
0.0029808756
-0.0009457660
-0.0020072719
-0.0061455896
-0.0087900607
0.0057281130
0.0044194325
-0.0001702672
0.0024718591
0.0096694466
0.0099195721
0.0043921284
0.0065175773
0.0000675024
-0.0053389967
-0.0053944698
0.0020582247
-0.0061336080
-0.0041865925
-0.0010365343
0.0001126511
0.0054264498
0.0007264626
0.0030613115
0.0040450588
-0.0021174751
0.0025463296
-0.0057294771
0.0027930368
-0.0038449335
-0.0040432023
-0.0051824374
-0.0042830054
-0.0082803088
-0.0099370492
-0.0052013675
-0.0036911427
0.0009127512
0.0018479028
0.0003365855
-0.0026778895
-0.0039994612
-0.0067584501
-0.0014436277
-0.0047944833
-0.0003202224
-0.0012200417
-0.0028857534
-0.0033186323
-0.0041205043
-0.0001543124
0.0014973845
0.0032440648
0.0012531581
0.0026067248
0.0033582599
0.0066962507
0.0063680336
-0.0028626750
-0.0062941760
-0.0047583354
-0.0050752314
-0.0041078935
-0.0049033664
-0.0007068638
-0.0036429711
-0.0051952125
0.0043501813
0.0038029768
0.0036181091
0.0121088898
0.0017545178
0.0066866665
0.0045330713
0.0055322705
-0.0008795574
0.0019735209
0.0015662362
0.0003550425
-0.0041128390
-0.0009107834
0.0062814552
0.0084870314
0.0014467231
-0.0029128269
-0.0060641787
-0.0022051740
-0.0049056760
-0.0004296204
-0.0000733817
-0.0039000645
-0.0086808213
-0.0116307594
-0.0024220115
-0.0040366118
-0.0004991216
-0.0015549159
0.0031135993
-0.0010421256
-0.0010072244
-0.0028247092
-0.0000194404
-0.0027052252
-0.0041411665
0.0040221267
0.0019495241
-0.0048568405
0.0024342924
-0.0020906193
-0.0006887896
0.0016607534
0.0021405184
-0.0068470627
-0.0112978618
-0.0094108856
-0.0067372212
-0.0066551326
-0.0063049289
-0.0050762328
-0.0005541980
-0.0011605245
0.0009755272
-0.0048815748
-0.0003476850
-0.0011603812
-0.0025001438
-0.0012659898
-0.0032947057
-0.0041708206
-0.0038358338
-0.0031793262
-0.0050165203
-0.0014278918
0.0021393695
0.0003107754
-0.0046397693
-0.0021819072
-0.0000950012
-0.0016595095
0.0001223256
0.0021921878
0.0050236234
-0.0031082804
-0.0028088547
-0.0075604750
0.0056979768
0.0022087375
-0.0019538038
-0.0054528611
0.0019373696
0.0056016321
0.0059656165
0.0078279192
0.0028973323
0.0051310371
0.0042743043
0.0027894801
-0.0002268207
-0.0036818360
-0.0061406187
0.0022087634
-0.0012180488
-0.0013690406
-0.0026406649
-0.0019708834
-0.0040437643
0.0007348797
-0.0045738225
-0.0057759449
-0.0114428390
-0.0106449169
-0.0088124072
-0.0034697708
-0.0062685786
-0.0056312554
-0.0060864021
-0.0060988082
0.0004486479
-0.0006900439
0.0073756273
0.0105461729
0.0057661898
-0.0025417114
0.0012904124
-0.0027437861
-0.0029940341
-0.0011729531
0.0072142581
-0.0006370658
-0.0044370211
-0.0068616341
-0.0049000801
0.0020447657
0.0006629568
-0.0048266898
-0.0036892268
-0.0018016366
-0.0034263947
-0.0055622285
0.0006417052
-0.0053831907
-0.0025374562
-0.0083533201
-0.0060995016
-0.0012186608
0.0035274583
0.0043993572
0.0055777330
0.0058756654
0.0057196767
0.0024921955
-0.0005747493
-0.0006604104
0.0046040322
0.0128847585
0.0122731056
0.0152713300
0.0120582018
0.0027538455
0.0035597279
0.0045178561
0.0033638777
0.0040962036
0.0024699768
0.0028453647
-0.0003091608
0.0015702714
0.0019833094
-0.0009824899
0.0052567895
0.0010527501
0.0038327643
0.0029198441
0.0016963172
0.0082833800
0.0043486339
0.0058214278
0.0050441450
0.0059409716
-0.0049060395
0.0024025779
0.0056523163
0.0020314104
0.0024553790
0.0067279380
-0.0007328417
0.0070374141
0.0035671325
0.0007274985
-0.0036052933
-0.0025792220
-0.0044005441
-0.0037240710
-0.0060445520
-0.0059106506
-0.0002458254
0.0039279504
0.0028521472
0.0100961045
0.0075347246
0.0038400115
0.0111589442
0.0089377117
0.0070296034
0.0115051742
0.0159863463
0.0075575551
0.0039088830
0.0067567946
0.0015592407
0.0009963501
-0.0023560900
-0.0030284244
-0.0031390668
-0.0051036310
-0.0062061148
-0.0012484011
0.0033773843
-0.0064336941
-0.0048239857
-0.0048773896
-0.0067699476
-0.0069415265
0.0029797225
0.0072051428
-0.0020204321
0.0022591533
0.0049364113
0.0061076568
-0.0022448683
-0.0035672067
-0.0074764555
-0.0052016011
-0.0054142739
-0.0046573607
-0.0037260387
0.0031474083
-0.0005825502
-0.0028096240
-0.0066275782
-0.0075601726
-0.0046371005
-0.0064107191
0.0030593484
0.0058450126
0.0070306854
-0.0022097979
0.0068091452
0.0014995044
0.0024367299
-0.0018285928
-0.0008087721
-0.0008538598
-0.0018594791
-0.0008019011
0.0042439824
0.0008120652
-0.0008723108
-0.0010297851
0.0037620141
0.0005280881
-0.0059563511
-0.0088748860
-0.0068677314
-0.0052882532
-0.0020381022
-0.0026049260
-0.0051850711
-0.0053121881
-0.0089595780
0.0014692850
-0.0002773856
-0.0026081594
0.0002369415
0.0024446926
-0.0020518462
0.0052768397
0.0022261930
0.0024426129
0.0035364337
-0.0040544205
-0.0072706000
-0.0020576665
-0.0040254075
-0.0016462596
-0.0022527117
-0.0035267742
-0.0035374303
-0.0000350355
-0.0020418867
-0.0026897110
0.0029191567
0.0069932878
0.0044764458
-0.0005371090
-0.0036653351
-0.0052897042
-0.0016331229
0.0032781620
-0.0025402677
-0.0007494869
0.0026478955
0.0018393036
0.0003714720
0.0016580210
0.0023166643
-0.0023480401
0.0044258053
0.0000385613
-0.0082453384
-0.0053660106
0.0015726397
-0.0008552987
0.0027307629
-0.0010979762
-0.0027013082
-0.0019018451
-0.0013353467
0.0047361634
0.0011446212
0.0013810094
-0.0018170982
-0.0029547124
-0.0002376773
-0.0060118908
-0.0068595764
-0.0032192532
-0.0062991421
-0.0068243573
-0.0043643779
0.0006120025
-0.0023820825
0.0021778035
0.0051026366
-0.0012863009
-0.0064518200
-0.0061453601
-0.0108591772
-0.0111640866
-0.0129053339
-0.0074881798
-0.0030095637
-0.0005665329
-0.0016681337
0.0000246321
-0.0038967304
-0.0038614670
-0.0002086208
-0.0067014383
-0.0065038995
0.0002050262
0.0022712905
0.0009631761
0.0044531971
-0.0007828914
0.0060759398
0.0081644154
-0.0051074070
0.0016488207
0.0070192639
0.0024019136
0.0065382360
0.0040388356
0.0044386148
0.0061867983
0.0043715087
0.0048108859
-0.0022098159
0.0026890985
-0.0036587970
-0.0046774933
-0.0046310985
-0.0076759927
-0.0027826658
-0.0060043671
-0.0039802961
-0.0045454818
-0.0051120841
-0.0031549700
-0.0054756552
-0.0021288477
-0.0033399215
-0.0013978590
0.0069590288
-0.0036657469
-0.0049194198
-0.0044618378
-0.0075047430
0.0029874438
0.0019991227
-0.0013001617
-0.0023606364
0.0034097253
-0.0007497713
-0.0013234729
-0.0005345406
-0.0043346356
-0.0042754660
-0.0079033733
-0.0017857892
0.0035312995
0.0038454204
-0.0009378221
0.0036496495
-0.0006403899
0.0060269827
0.0016738620
-0.0041551992
-0.0049149340
-0.0043714431
-0.0045522502
-0.0094841367
0.0019695569
-0.0044495479
0.0012778686
0.0022797318
0.0022940349
0.0014147884
0.0055749167
0.0023626952
-0.0026573222
-0.0000428784
0.0020167992
0.0071550691
0.0019829540
-0.0044112849
-0.0108191837
-0.0070759310
-0.0079542775
-0.0089478463
-0.0088929919
-0.0071358659
-0.0016007886
-0.0011980932
-0.0091001007
-0.0121593814
-0.0118560741
-0.0011837452
-0.0017258021
-0.0039911378
-0.0066094428
-0.0056574475
-0.0047315596
0.0049055305
-0.0025287155
-0.0059567090
-0.0044195116
-0.0065504195
-0.0019859500
0.0035944366
-0.0018773869
-0.0012542266
-0.0045841953
-0.0042240965
-0.0010680577
0.0055547857
0.0033856176
0.0032478233
-0.0054821958
0.0006212019
-0.0066062749
-0.0012449539
-0.0003609595
0.0011003904
-0.0003748955
0.0011671419
0.0037202678
0.0042617250
0.0038143252
0.0026558953
0.0003450540
-0.0033936244
-0.0014448558
-0.0041465567
-0.0045354595
-0.0030940909
-0.0012203601
-0.0005978486
-0.0008193115
0.0008109022
-0.0023934751
-0.0010570069
0.0021304209
0.0009736836
-0.0101335129
-0.0083070765
-0.0088798484
-0.0047147115
-0.0018165811
-0.0063569813
-0.0084550999
-0.0013907264
-0.0014640861
-0.0024414314
-0.0060703587
0.0007856093
0.0005949451
0.0044913276
0.0059701826
0.0040828881
0.0057277530
-0.0025694409
0.0027950259
-0.0000652029
0.0002041845
0.0049952099
0.0059207048
-0.0011492838
0.0050833500
0.0057782979
0.0025775132
0.0002736082
0.0045604405
0.0029964498
-0.0032043066
0.0004703012
-0.0044208996
0.0073960116
0.0038685547
0.0034085689
0.0049850649
-0.0021408994
-0.0003164955
-0.0049787604
-0.0038069690
-0.0042198980
-0.0005754626
-0.0015685621
0.0040673973
-0.0010319195
-0.0041089702
-0.0003297588
-0.0002103098
-0.0020074915
-0.0012708138
0.0011062240
-0.0037647983
-0.0065624558
-0.0103395071
-0.0127417937
-0.0059387606
-0.0089386835
-0.0085023612
-0.0110055466
-0.0076722536
-0.0067526656
-0.0028316408
-0.0052755387
0.0046552349
0.0071399784
0.0064328145
0.0092985918
0.0046335266
0.0137267855
0.0054390850
-0.0024591511
0.0008743492
-0.0036876153
0.0001767288
-0.0023522236
-0.0031190913
-0.0056643595
-0.0091982583
-0.0016514852
-0.0001277371
-0.0000724415
0.0023632215
0.0032893115
0.0007550717
-0.0068697336
0.0000229304
0.0012369104
-0.0033463836
-0.0028773501
-0.0081721977
-0.0031502375
-0.0099359616
-0.0028809669
0.0019298169
0.0041948720
0.0051632361
0.0004823732
0.0006968022
0.0083067708
0.0067114567
-0.0030495066
-0.0058322913
-0.0056695518
0.0033946050
-0.0010948535
-0.0009717960
0.0031598008
0.0027005341
-0.0006186162
0.0052355739
0.0045191536
0.0029093519
0.0006561695
0.0041200869
0.0005083292
-0.0002102653
0.0018691301
0.0070359458
0.0048509129
0.0016176663
-0.0014366976
-0.0016822176
-0.0013869394
0.0078912965
0.0082953559
0.0015586758
0.0029553409
-0.0032010630
0.0026349761
-0.0026753529
0.0030622989
-0.0012767181
-0.0021043504
0.0004532739
-0.0004873244
-0.0012842189
0.0071283609
0.0037660933
0.0067755504
-0.0027561643
0.0020685220
0.0036095444
0.0000276799
0.0008285822
-0.0007097416
0.0016608319
-0.0021856371
0.0018589244
-0.0042991510
-0.0036390927
-0.0051745355
-0.0060056559
-0.0064122114
-0.0089654026
0.0006006562
0.0027323013
0.0079287268
0.0052773729
0.0009462161
0.0029259444
0.0001805404
-0.0028792991
-0.0028461059
0.0036433793
0.0058526977
0.0000749498
-0.0021044030
0.0056375220
0.0074106947
-0.0005462922
0.0032334151
0.0070925920
0.0098039584
0.0037047971
0.0060827156
0.0077255534
0.0016995332
-0.0025101360
-0.0070208853
-0.0050418808
-0.0060495658
-0.0020107322
-0.0010330001
0.0058822821
0.0055305124
0.0079033232
0.0064521676
0.0034733219
0.0025424004
-0.0002145005
0.0036244444
0.0005631946
0.0082720512
0.0008737128
-0.0042132528
-0.0037050379
-0.0000861358
-0.0014298712
0.0010147981
0.0002480706
0.0040996575
0.0018332530
-0.0023530206
0.0033932096
0.0037108252
-0.0040812289
-0.0014381165
0.0056869814
0.0026770793
0.0027055419
0.0032974594
-0.0015309514
-0.0081892370
-0.0048545849
0.0054570418
0.0019819159
-0.0016834788
-0.0016312701
-0.0026709847
0.0055501003
0.0022341130
-0.0009316399
0.0051900193
-0.0000165642
0.0030592501
0.0019382115
0.0015724458
0.0045564687
0.0067772161
0.0013643134
-0.0020207458
0.0055879797
-0.0021462014
-0.0034665219
-0.0063926832
-0.0113909824
-0.0045090845
0.0044752847
-0.0061699191
0.0033641693
-0.0023839259
0.0000109579
0.0031134759
-0.0025663207
0.0015054573
0.0022301320
0.0001008753
0.0034338668
0.0068888952
-0.0025134740
-0.0045163820
0.0002861109
0.0117104161
0.0065916850
0.0073118124
0.0018054340
0.0019017172
0.0057704886
-0.0026703683
-0.0067982332
-0.0055301876
-0.0075050365
-0.0127059343
-0.0054815200
-0.0008957199
-0.0044925532
0.0012981560
0.0035453203
0.0069077067
-0.0007982373
0.0078314625
0.0021917462
-0.0059725667
-0.0044999281
-0.0054120979
-0.0030827582
0.0022017695
-0.0025777857
-0.0004182620
-0.0000256908
-0.0018087494
0.0016192046
0.0035956005
0.0040607605
-0.0009705140
-0.0038267022
-0.0080723347
-0.0079058026
-0.0008462324
-0.0043504452
-0.0063162921
-0.0004074033
-0.0032718975
-0.0043324360
-0.0019016174
-0.0042465621
-0.0051166102
0.0045939549
0.0031351032
0.0051972125
0.0035968782
0.0022672853
0.0004549855
0.0015212008
0.0011166045
0.0029140408
0.0019801619
-0.0009143893
0.0024217674
0.0001906378
0.0025146545
-0.0033496367
-0.0130697970
-0.0028642260
-0.0001557629
-0.0000108685
0.0033761334
0.0092350225
-0.0033625997
0.0049696804
0.0042061104
0.0051406778
-0.0048932854
-0.0023922792
0.0046661369
-0.0005106654
0.0018227404
0.0083089742
0.0025799930
-0.0009093017
0.0010462102
-0.0031509324
0.0036631635
0.0064365520
-0.0003706644
0.0008140914
0.0031422737
0.0042976945
-0.0018615728
-0.0101138957
-0.0021763105
0.0027883215
-0.0017447112
-0.0059691998
0.0003076048
-0.0002602559
0.0025645882
0.0012613687
0.0027814226
0.0100849064
0.0053223605
0.0032000989
0.0032076047
-0.0086436427
-0.0020758273
-0.0017182047
0.0024307625
-0.0006204721
0.0034319577
0.0038111101
0.0046170974
-0.0001331556
-0.0021223551
0.0030918845
-0.0004826289
-0.0005323639
0.0029742080
0.0061921362
0.0106381318
0.0030371793
0.0006536100
-0.0007174478
0.0001055480
0.0004512720
-0.0115849062
-0.0053859031
-0.0039376221
0.0026624170
0.0061620185
0.0003450262
0.0024362155
0.0036779613
-0.0031208586
0.0032459300
0.0068681505
-0.0004121607
-0.0065891217
-0.0043025365
0.0094902371
0.0056580848
0.0045598321
0.0006451307
-0.0032299130
-0.0044506252
0.0001449676
-0.0093570329
-0.0041048068
-0.0031038130
-0.0026898803
0.0040955041
0.0033818272
0.0043861049
0.0037613085
0.0049510762
-0.0017301415
-0.0010343815
0.0000072471
0.0024949982
-0.0037700014
-0.0031173158
0.0021290216
0.0020879131
-0.0023951592
-0.0114392342
-0.0011806261
-0.0035313035
0.0065456532
-0.0016840822
-0.0091558062
0.0033061178
-0.0022903814
0.0058921770
0.0043108277
-0.0023549315
-0.0002555258
-0.0033368863
-0.0062867278
-0.0035604060
-0.0006439490
0.0040110426
-0.0084565398
-0.0010145112
-0.0009780558
0.0008972927
0.0029626721
0.0032804825
0.0062223643
0.0008679400
0.0066222870
0.0058012709
0.0076592904
0.0001561157
-0.0031629818
0.0017517839
-0.0027914448
-0.0057599690
-0.0068195103
-0.0048303503
-0.0018144947
