tx example
1.7484053444
1.7590806026
1.7600712920
1.7697114071
1.7721803761
1.7734365340
1.7862963540
1.7918306930
1.8177624822
1.8056075294
1.7807770372
1.7684731465
1.7770898492
1.7709960351
1.7747241029
1.7814583629
1.7923467850
1.7793021767
1.7717962161
1.7588456324
1.7418161588
1.7578006845
1.7763944296
1.7936791411
1.8105825843
1.8276181208
1.8109194325
1.8298309911
1.8179425219

ty example
1.7970717965
1.7994610843
1.7816952851
1.7729482384
1.7872825818
1.7925351912
1.7806282195
1.7957846273
1.8074527537
1.7862885014
1.7875643314
1.7925670004
1.7903522388
1.8159755841
1.8017937012
1.8025715431
1.7862687333
1.8119806455
1.8323520527
1.8431805954
1.8623164009
1.8668859181
1.8264002841
1.8087907955
1.7876908276
1.7978733423
1.8081738675
1.8141461755
1.7988018971
1.7854087267
1.7916149548
1.8146798286
1.7776500131
1.7952442172
1.7796333689
1.7854652418
1.7876186504

xy example