-0.0011234731
-0.0017184572
-0.0004715426
0.0006819244
-0.0001645984
0.0002593215
0.0011274149
-0.0009454657
-0.0018832886
-0.0026909145
-0.0020406895
-0.0003982466
-0.0009083729
-0.0007170110
0.0026435618
0.0021198217
0.0010664425
0.0006522177
0.0010208034
0.0001894436
-0.0017136312
-0.0008482131
0.0019982351
0.0010259008
0.0012189554
0.0014754738
0.0023632047
0.0020643383
0.0007693484
0.0016539550
0.0006814084
0.0008434666
0.0024740961
0.0002388386
0.0012847790
0.0008026873
-0.0007021389
-0.0010619834
-0.0011638673
-0.0012449480
-0.0020842264
-0.0027556484
-0.0003379207
-0.0004550688
-0.0008337701
0.0001706554
0.0004685664
0.0015383096
0.0011991095
0.0008783254
-0.0018558100
0.0002971768
0.0000238548
-0.0004388920
-0.0001613745
-0.0009005088
-0.0008981943
-0.0004698662
0.0003371675
-0.0000897440
0.0006621602
0.0006657879
-0.0000713970
-0.0000668925
-0.0014044642
-0.0007265230
-0.0012692059
-0.0011561846
-0.0016455664
-0.0006682327
0.0005311549
-0.0000062402
-0.0015678367
0.0008286145
0.0021445887
0.0007999362
0.0033974916
0.0007180422
0.0015773399
0.0026698425
0.0001678358
-0.0017969948
-0.0015464431
-0.0000986790
0.0000205594
0.0002654777
-0.0007602148
0.0007322795
0.0007037130
-0.0005869392
-0.0002353030
-0.0005264836
-0.0006730811
-0.0003955075
-0.0002928849
0.0020145223
0.0004696467
-0.0015700921
-0.0023513461
0.0001407870
-0.0000224337
0.0006666848
0.0010332462
0.0008034660
-0.0023165612
-0.0001772940
0.0004061760
0.0007125714
0.0005993909
-0.0020821470
-0.0005369330
-0.0018334507
-0.0034407112
-0.0008420221
0.0002989158
0.0004085597
0.0005608675
-0.0001654367
-0.0022192603
-0.0018325918
-0.0016837015
-0.0012432383
-0.0022251653
-0.0015669899
0.0000328442
0.0019576779
-0.0000112671
0.0005741903
0.0003948852
0.0008488556
0.0009149752
0.0008045577
0.0019324564
-0.0007390722
-0.0015750573
-0.0020297507
-0.0017561597
-0.0015787624
-0.0007179931
0.0004536571
0.0006648408
-0.0005658019
-0.0000436196
0.0000935183
-0.0014482516
-0.0009667752
0.0006960221
0.0002212107
-0.0013869301
-0.0012103303
-0.0010589123
0.0021571786
0.0021936121
0.0000946095
-0.0008050388
0.0006832152
0.0011514540
0.0013932369
0.0018758020
0.0028031840
0.0033157106
0.0018991538
0.0029660455
0.0011558987
-0.0003264320
-0.0014655108
-0.0007271324
-0.0005719466
-0.0004194317
-0.0001574629
0.0004457067
0.0002514500
0.0011750565
0.0005053155
-0.0014976076
-0.0025332924
0.0002727408
-0.0005810663
-0.0006638210
-0.0017652297
0.0016115026
-0.0002007717
0.0000115035
0.0007689798
0.0004001190
0.0006208618
-0.0016420094
0.0002920096
-0.0024153642
-0.0011473002
-0.0031957735
-0.0027225247
-0.0012310651
0.0012200020
0.0004363286
0.0004214682
-0.0002794746
0.0011088328
0.0023244760
0.0002325112
-0.0024595283
-0.0011226665
-0.0005708907
-0.0001847900
-0.0005751516
0.0018045852
0.0015057060
0.0016170978
-0.0006628073
0.0008253833
0.0004139974
0.0004464351
-0.0005204595
0.0002220863
-0.0000255016
-0.0010867172
-0.0011446255
-0.0023409070
-0.0012320489
0.0004101323
0.0021203983
0.0031813831
0.0042061673
0.0037623875
0.0011841959
-0.0000079152
-0.0002913907
-0.0000243711
0.0012568313
0.0001628682
-0.0002057973
0.0007840945
0.0014472447
-0.0003334291
-0.0000730646
0.0000191248
0.0013655720
0.0009887909
0.0010116989
0.0011023846
0.0025821066
0.0000439957
0.0011058583
-0.0004902447
0.0010073284
-0.0000523982
0.0003878683
0.0019375245
0.0016315732
0.0010499466
0.0017812262
-0.0006484359
0.0004180670
0.0003526910
0.0011651818
-0.0008575775
0.0005286292
-0.0004015453
-0.0008983456
-0.0031108474
-0.0020526832
0.0007763372
0.0013271809
0.0018725714
0.0009204644
0.0009995847
0.0010272672
0.0015699807
0.0004188755
0.0015201646
0.0023643100
0.0028156690
0.0019158191
-0.0014183573
-0.0014932256
-0.0016868931
-0.0015725757
-0.0014099222
-0.0002597594
0.0008482018
0.0002769568
-0.0005298668
0.0003326668
-0.0003447034
-0.0009250633
-0.0005447785
0.0000221967
-0.0002865591
0.0019820126
0.0010433660
0.0024841991
0.0005999918
0.0000859289
0.0013067981
0.0017197969
0.0006112808
0.0002904304
0.0007989329
-0.0001208317
0.0003712652
-0.0003896787
-0.0004141242
0.0006143306
-0.0007273612
-0.0004151288
0.0002481538
-0.0007650330
-0.0010031504
-0.0022186528
-0.0009859426
-0.0014605916
-0.0010376187
-0.0003468827
0.0009299982
-0.0014085209
0.0001329571
-0.0011332514
0.0001370948
0.0006555642
0.0005448359
0.0018929133
0.0016530903
0.0005941789
-0.0000283599
-0.0000952254
0.0022513795
-0.0022799023
-0.0021936191
-0.0022034579
-0.0010641950
0.0000617507
0.0010218214
0.0022612745
0.0020612670
0.0005030291
-0.0021210388
-0.0005277216
-0.0008905632
0.0003206700
0.0003019706
-0.0004270390
-0.0003765137
0.0015209801
0.0018778384
0.0003717997
0.0003968396
-0.0006664573
-0.0001663715
-0.0002480516
0.0009093316
0.0004969966
0.0013283239
0.0015350245
-0.0001927508
-0.0003316823
0.0008839839
-0.0010763799
0.0014481675
0.0030889978
0.0023882472
0.0007203678
0.0008386267
-0.0002628287
0.0015054049
0.0011821271
-0.0001293088
0.0012043361
0.0017958128
0.0006487266
-0.0023373288
-0.0001285619
-0.0004885957
-0.0008587163
0.0005034342
-0.0001495480
-0.0020144839
-0.0005207162
-0.0012246874
-0.0014624381
0.0012751980
0.0021266654
0.0019442484
0.0014641640
0.0005005578
-0.0003144309
-0.0008816217
-0.0002468850
-0.0002846114
-0.0009680560
-0.0014006400
-0.0019887575
-0.0019314140
0.0004579212
-0.0014593159
-0.0010174023
0.0009410803
0.0011633744
0.0009214672
0.0012782441
0.0026953249
0.0005673146
-0.0004205859
0.0007139400
-0.0011243245
-0.0002835061
0.0004076445
-0.0007754616
-0.0002700034
0.0010046230
0.0001815580
-0.0014492576
-0.0003598957
-0.0014055792
0.0020295958
-0.0004412321
0.0002507264
0.0024778862
0.0024523086
0.0019208255
0.0018127485
0.0006950683
0.0010206530
0.0002755256
-0.0006686971
-0.0006035366
0.0016516145
-0.0005282763
-0.0008755317
-0.0001859153
0.0009175811
0.0019831454
-0.0005573846
-0.0000074347
-0.0020461244
-0.0008603470
-0.0009918618
-0.0013200881
-0.0005298447
-0.0021825749
0.0005089371
-0.0006113592
-0.0015413542
-0.0023235508
-0.0038651644
-0.0015896659
-0.0026854650
-0.0042561794
-0.0024063824
-0.0031198031
-0.0003925378
-0.0005073202
-0.0001626039
-0.0014690092
-0.0009757056
0.0014957007
0.0024568677
-0.0004950764
-0.0000595263
0.0010247799
0.0002745077
-0.0006366308
-0.0020032568
-0.0024484860
-0.0016037017
-0.0006707093
0.0005749184
0.0011762538
0.0010084200
-0.0010265604
-0.0005938942
-0.0012687331
0.0003932066
0.0009546329
-0.0009176218
-0.0008327452
-0.0010454622
-0.0014364443
-0.0030942973
-0.0001064294
-0.0021870107
-0.0007693856
0.0014019600
0.0006702032
-0.0004055418
0.0006499447
-0.0002149730
-0.0000321042
0.0001349191
0.0019025271
0.0036794281
0.0023203289
0.0003954517
0.0000691490
-0.0005505786
-0.0014880073
-0.0013091916
-0.0010443076
0.0008234892
0.0014321412
0.0016465697
0.0001520358
-0.0005217315
-0.0010737806
0.0017788586
-0.0008220895
-0.0016002737
-0.0010450168
-0.0004076642
-0.0002865664
0.0012650361
0.0008427813
-0.0012675989
0.0002386512
-0.0010346964
0.0006017091
0.0014650276
-0.0020723672
-0.0010593048
-0.0001090806
-0.0005826084
-0.0009341920
0.0005788383
0.0005879874
-0.0012203812
-0.0013273880
-0.0009265921
-0.0023832733
-0.0011728582
-0.0003001847
-0.0004073001
-0.0001961653
0.0000206854
0.0005752195
0.0000618056
0.0004609644
0.0012058726
-0.0007174189
-0.0017255795
-0.0012528567
-0.0017245285
0.0014209897
0.0002259429
0.0009965581
-0.0002425281
0.0003611132
0.0018200946
0.0006075136
0.0006959096
0.0021153411
0.0018624485
-0.0012258737
-0.0003151781
-0.0013461172
-0.0005278064
0.0000262477
-0.0023014675
-0.0023934612
-0.0001117014
0.0004768264
0.0011187665
0.0004578240
0.0003541559
-0.0000656139
-0.0000053494
0.0006331657
-0.0005530049
0.0017476232
-0.0009350147
0.0004937445
-0.0014048091
-0.0018376353
0.0003744108
0.0020328052
0.0011881758
0.0006294180
0.0007770577
-0.0003565606
0.0003509299
0.0010372756
0.0003266603
-0.0002737689
0.0005329526
0.0013187404
0.0021184316
0.0016700854
0.0005205831
0.0000426068
-0.0015116602
-0.0007642229
-0.0022176865
-0.0022550914
-0.0032165576
-0.0027735483
-0.0004072105
0.0018354795
0.0004575411
-0.0011542236
0.0006039669
-0.0008938827
0.0001879340
-0.0010314565
-0.0010075242
-0.0013878636
-0.0019227470
-0.0008090946
-0.0021368869
-0.0007887258
-0.0012177965
-0.0025947694
-0.0029503158
-0.0018722046
-0.0017666705
-0.0004254396
-0.0009255104
0.0011736002
0.0010809478
0.0001413727
0.0006993220
-0.0006621892
0.0029647179
0.0025702268
0.0011034926
-0.0006457802
-0.0011330593
0.0005882167
-0.0025556106
-0.0019112484
-0.0019955549
-0.0036461756
-0.0009249818
-0.0007471319
0.0000119573
0.0005442897
0.0004583720
-0.0005693421
-0.0014389104
0.0010533471
0.0005180838
0.0003242332
-0.0002506270
-0.0010974653
-0.0008029022
-0.0001189698
0.0000335340
0.0006287323
0.0018870956
0.0027974255
0.0008072799
-0.0017355082
-0.0001072922
0.0019791698
-0.0003590286
0.0002396288
-0.0002198214
0.0006382462
-0.0006239504
-0.0010349683
-0.0022065355
0.0008465498
-0.0017476518
0.0003791777
-0.0007005679
0.0009333063
0.0016827538
0.0027483559
0.0016445026
0.0019323235
0.0014475729
0.0007199323
0.0010781572
0.0008058619
-0.0008736427
-0.0003633467
-0.0005098584
-0.0000199386
0.0014361968
0.0010164093
-0.0009117185
-0.0012110009
0.0011241106
-0.0010121388
0.0012079823
0.0006054264
-0.0000596830
0.0016515926
0.0020601275
0.0019599088
0.0033330955
0.0006184435
0.0019048307
0.0006374829
0.0025493145
0.0015085126
0.0008360465
0.0002576449
-0.0017109420
-0.0010009087
-0.0009268204
-0.0002315303
-0.0017427710
-0.0021089406
-0.0008751724
-0.0010529918
-0.0018751921
-0.0010223308
0.0005700514
0.0007293240
0.0001783089
-0.0003194470
-0.0012894848
0.0005165807
0.0014055675
-0.0008691438
0.0004892774
0.0012136024
0.0037719433
-0.0000377104
-0.0009171658
0.0009236101
0.0028090479
0.0014642581
0.0013062433
0.0005364980
0.0015288056
0.0020139180
0.0024095331
0.0027376435
0.0006161025
-0.0007250197
-0.0001969914
-0.0012948328
-0.0024302322
-0.0008801110
-0.0001959466
0.0004791700
0.0002274454
0.0014203962
0.0017769993
-0.0010315927
-0.0001472300
0.0012676832
0.0014577731
0.0013607893
0.0022470127
0.0011523998
0.0001700723
0.0001315222
0.0000829405
0.0009032889
0.0006313387
-0.0013681596
0.0005593005
-0.0023646384
-0.0013633785
-0.0016504627
-0.0005227741
-0.0006668444
-0.0006277421
-0.0002387494
0.0018842363
0.0013402230
0.0005269832
-0.0000511420
-0.0002966417
-0.0010335853
0.0009914610
0.0008069642
0.0003432324
0.0022294903
0.0027709720
0.0029061699
0.0007725313
-0.0003129326
0.0010956306
-0.0000286660
-0.0010107018
0.0005263841
0.0012935213
0.0013649871
0.0004666839
-0.0003979546
-0.0001478445
0.0019625299
0.0003971712
-0.0001762884
-0.0010794615
-0.0013580214
0.0002056442
0.0011091975
-0.0016711211
-0.0006119862
-0.0023820328
-0.0003863346
0.0002827047
-0.0003355258
-0.0011507121
0.0007883597
0.0009069611
0.0012452047
0.0004236723
-0.0000135928
-0.0013402225
-0.0001500905
0.0012741391
0.0002007858
0.0023263695
0.0007391722
0.0000673191
-0.0000438639
-0.0007429992
-0.0026638260
-0.0013642715
-0.0023723819
-0.0008162273
-0.0009080908
-0.0006975360
-0.0007508636
-0.0002441434
-0.0008611419
0.0006640379
-0.0008307266
0.0019532579
0.0007742284
0.0001134005
0.0002711078
-0.0001281206
-0.0014800900
-0.0018803025
-0.0007829734
-0.0000881304
0.0000637291
-0.0017388825
0.0001040256
-0.0006372756
-0.0002288471
-0.0025553152
-0.0015095192
-0.0025181836
-0.0018736358
-0.0003864874
0.0002122349
-0.0014818168
-0.0010268535
-0.0004027403
-0.0008063735
-0.0007241413
-0.0007805107
0.0002701385
0.0011827968
0.0007267696
0.0015706109
-0.0005122684
-0.0011659443
0.0000827491
0.0001961363
0.0005606360
0.0004046144
0.0001677875
0.0008926438
0.0027275422
0.0011844288
0.0012956969
0.0004954303
-0.0024965444
-0.0012222568
-0.0003671770
-0.0014124891
-0.0008344286
-0.0005083453
-0.0024757518
0.0005098706
-0.0002521396
-0.0002522370
-0.0027401577
-0.0007327438
-0.0003570974
0.0012533927
0.0004505894
0.0009259553
0.0014567736
0.0017698887
0.0002863171
-0.0000291854
0.0003615427
-0.0001890303
-0.0007099173
-0.0001193809
0.0002559073
0.0010093156
-0.0027442575
-0.0024815109
-0.0023707184
-0.0003427098
-0.0008403647
-0.0022057366
-0.0004974158
-0.0000836538
0.0000007808
0.0011289318
0.0016744751
0.0033336130
0.0019699869
0.0007230977
0.0011119397
-0.0036295123
-0.0041497772
-0.0030743812
-0.0001467596
-0.0008517147
-0.0011730269
-0.0013830301
-0.0021122630
-0.0024199669
-0.0006154336
-0.0008070281
0.0004154195
-0.0006841857
0.0013651599
0.0013767872
0.0016338400
0.0001929066
0.0001947986
0.0010722396
0.0017104738
0.0009449981
-0.0026217596
-0.0009030238
-0.0000623670
0.0009791380
0.0008016089
0.0008785555
0.0004486712
0.0007683280
0.0007687022
0.0006483975
0.0002220442
0.0005333556
-0.0007003698
0.0005206955
0.0031959759
0.0033313599
0.0022081920
0.0003418052
-0.0013430404
-0.0013590529
-0.0007754316
-0.0018180039
-0.0028229863
-0.0017282759
-0.0029474005
-0.0005950184
-0.0000447839
0.0028115122
-0.0000168089
0.0003113429
0.0001213483
-0.0017357269
-0.0019946301
-0.0024717235
-0.0022123926
-0.0016482501
-0.0000926822
-0.0004493954
-0.0003203336
-0.0002914441
0.0012887074
0.0020121165
0.0022177397
-0.0002773158
-0.0009331661
0.0012870393
-0.0008169644
0.0014163225
0.0017706578
0.0009340012
0.0011817103
0.0008788683
0.0007509486
0.0013659907
0.0013429481
0.0014138962
-0.0000326548
-0.0005437350
-0.0009780319
-0.0008140927
0.0025331046
0.0024145907
0.0009052367
0.0004615227
0.0005535730
0.0005031795
0.0003188836
-0.0024435815
0.0002165172
0.0006446851
-0.0002954764
0.0002947438
0.0006919072
0.0010299777
0.0022709136
