2.7954868985
2.7978045463
2.7976338674
2.7981373501
2.8000850334
2.8009015134
2.7998989064
2.8006078516
2.8017835163
2.7986706573
2.7990541006
2.7962849092
2.7949495899
2.7898816239
2.7921968341
2.7976581835
2.7958866595
2.7960702561
2.7879484431
2.7905061907
2.7973437628
2.8026958467
2.7986674478
2.7930538459
2.7935313281
2.7908410534
2.7919003142
2.7935190886
2.7934375570
2.7953991621
2.7970358191
2.8047442064
2.8019201838
2.8031084252
2.7996897549
2.7961225449
2.7983834845
2.7993863275
2.7972545355
2.7945005284
2.7958534870
2.7931639340
2.7952199532
2.7977368356
2.7962615694
2.8005556925
2.7954731545
2.7951237332
2.7958460318
2.7901229547
2.7957802600
2.7956286805
2.7964187317
2.7969703208
2.7958999560
2.7971237821
2.7961379636
2.8013882756
2.8029607277
2.7939370802
2.7984761217
2.7994691392
2.7983372810
2.7994104125
2.8032502371
2.7956668210
2.7945338781
2.7939859378
2.7962603666
2.7936482743
2.7966049706
2.7942025639
2.7970039767
2.7990546170
2.7987716902
2.7954202581
2.7934262655
2.7961306123
2.7991230184
2.7977029753
2.7941151952
2.7956833950
2.7927739822
2.7929671840
2.7977714251
2.7950927230
2.7956178894
2.7937040092
2.7941336499
2.7938366910
2.7950383181
2.7976331351
2.7996613712
2.7985553992
2.7957433201
2.7925459815
2.7914058881
2.7874957648
2.7922516447
2.7879190543
2.7896694905
2.7861606375
2.7897095357
2.7884674116
2.7896926202
2.7982794717
2.8024938044
2.7975397590
2.7996584168
2.8028437438
2.8014034659
2.7994643285
2.7955820389
2.7994534983
2.7991654295
2.8031755912
2.8025236890
2.8024620761
2.7991375116
2.8015196088
2.8050682590
2.8026610069
2.7988772637
2.8048378487
2.8082047520
2.8049931426
2.8013722896
2.8001445320
2.7965928017
2.7978176995
2.8015213079
2.7989163152
2.8023101381
2.8038943637
2.8015547230
2.8072273818
2.8013145904
2.7987786090
2.7921834262
2.7947736146
2.8012284210
2.7971476476
2.7991031420
2.8013764198
2.8044673493
2.8035308470
2.8038943281
2.8004047045
2.8022729404
2.8070890692
2.8049045552
2.8071991213
2.8037609026
2.8049580715
2.8059181259
2.8052460465
2.7993893471
2.8001452274
2.7952443775
2.7979931962
2.8011238082
2.7955507712
2.7915886510
2.7923602370
2.7882303913
2.7938007319
2.7913838428
2.7968124338
2.7942292685
2.7962093393
2.7982332121
2.7995002344
2.7969188216
2.7929459488
2.7956085023
2.7930737351
2.7919839317
2.7924923821
2.8035284805
2.8011023586
2.8000558922
2.7995727776
2.8005808883
2.7996681481
2.7994371035
2.7966417007
2.7941115937
2.7918833698
2.7915878719
2.7929806630
2.7886020958
2.7924195416
2.7911692618
2.7911079477
2.7887013640
2.7889547484
2.7916167547
2.7884812896
2.7977239108
2.7930001889
2.7887103063
2.7923426023
2.7943747658
2.7908498572
2.7866706829
2.7917317639
2.7935225334
2.7949033345
2.7936130370
2.7946797698
2.7931850963
2.7926062411
2.7891669268
2.7902060522
2.7975311873
2.7950171389
2.7973918332
2.7946184946
2.7957096530
2.7894190948
2.7940803590
2.7925545471
2.7935580789
2.8032962596
2.8037039871
2.8059537433
2.8066731667
2.8095177365
2.8051961558
2.8037642859
2.8014824934
2.8037806674
2.8027453702
2.8015043389
2.8010011482
2.8067115766
2.8056363295
2.8012545540
2.8048526777
2.8045692634
2.8008226450
2.8083792172
2.8051683491
2.8032080484
2.7982421831
2.8015531120
2.7965393664
2.8002633440
2.8011225718
2.8032379186
2.7989516898
2.8030305517
2.8012201992
2.7975877346
2.7925330397
2.7935996729
2.7931205965
2.7955297921
2.7961762193
2.7968791381
2.7961511949
2.7965085180
2.7965745094
2.7977225534
2.7983939572
2.7987119696
2.7916028287
2.7990657386
2.8020739127
2.8002852538
2.8008346414
2.7961162772
2.7968457140
2.7956785742
2.7956492357
2.7940324495
2.7958645134
2.7943383301
2.7904834217
2.7904659990
2.7969725829
2.7927060033
2.7978672770
2.7924557857
2.7892589420
2.7969131908
2.7986842997
2.7953447634
2.7951783847
2.7985934985
2.7953906074
2.7941478625
2.7994347855
2.7983443026
2.7964978210
2.8000605669
2.7988811615
2.7988254753
2.7924444651
2.7978812036
2.7988716997
2.8022108712
2.8052575179
2.8093609866
2.8050814367
2.8005647471
2.7995790839
2.7996036166
2.8003229446
2.7957585104
2.7959589521
2.7936513669
2.7953336101
2.7947295710
2.7929719234
2.7969922432
2.8015024155
2.8008441500
2.8016894924
2.7995305768
2.7999090034
2.8024306140
2.8000259642
2.7988247787
2.7967917203
2.7963194366
2.7926842279
2.7925453214
2.7921506360
2.7911996658
2.7969147365
2.7970720775
2.7993364478
2.7931461095
2.7928623550
2.7909585755
2.7885615546
2.7914731451
2.7996147289
2.7957443463
2.7932160602
2.7937619260
2.7971172717
2.7984047371
2.7984173062
2.7989282915
2.7996953055
2.7995202981
2.7988165010
2.7982726742
2.7961653481
2.7971307091
2.7968060224
2.8031064075
2.8019344053
2.8055995619
2.7979929489
2.7977410794
2.7967639477
2.7998763049
2.7959345571
2.7932213487
2.7893203725
2.7961459430
2.7984106994
2.8017818038
2.8067008812
2.8108586017
2.8151389809
2.8104527894
2.8072394557
2.8045274267
2.7984343405
2.7951455521
2.7902126117
2.7973006959
2.7963973141
2.8011146096
2.8018391661
2.8024627249
2.7962304590
2.7946735113
2.8011371977
2.8052433733
2.8059599021
2.8054841135
2.8080276191
2.8077363455
2.8108334768
2.8066234125
2.8051390930
2.8059056892
2.8088585021
2.8062117428
2.8037502444
2.8075900346
2.8045224981
2.8135941035
2.8092326175
2.8071373340
2.8028699445
2.8038782383
2.8032362139
2.8021366209
2.8044714342
2.8061696710
2.8073563931
2.8036125641
2.7946868130
2.7953051539
2.7970719948
2.7950908273
2.8020405805
2.8022096223
2.8070596158
2.8048952384
2.8026508778
2.8057813139
2.8009134659
2.8021678001
2.8000951179
2.8016294153
2.8034004635
2.8008821471
2.7998613095
2.7989540293
2.8011104821
2.7964227557
2.7957315699
2.7980192019
2.7962714820
2.7913747272
2.7951141738
2.7980877453
2.7953429639
2.7879351960
2.7931228996
2.7990938049
2.7976163787
2.7939138130
2.7965860613
2.7984299737
2.8006000148
2.8002220589
2.7992092964
2.7994205803
2.8051436508
2.8088295937
2.8052498077
2.8060666447
2.8101417560
2.8032248822
2.8011332031
2.8013080042
2.8060130325
2.8049031777
2.8017841535
2.8064474080
2.8050983648
2.8049345560
2.8033433602
2.8033186266
2.7974376683
2.8018374949
2.8016513034
2.8033088949
2.8012698635
2.8068327625
2.8051871117
2.8052959250
2.8047089223
2.8080977613
2.8068417182
2.8022784699
2.8058627183
2.8023018004
2.8026123139
2.8012784666
2.8017686715
2.8007461934
2.8012625528
2.8063369205
2.8068492383
2.8071086161
2.8013856624
2.8000842665
2.7993204605
2.7984832307
2.7997380347
2.8007887824
2.8004569059
2.7995562237
2.8036128779
2.8026554632
2.8032901759
2.8007019676
2.7974272019
2.7951915612
2.7967588107
2.7984811340
2.7982950185
2.8001503130
2.8029758932
2.8012829398
2.8011862364
2.8000165358
2.7921722254
2.7993012172
2.7992025598
2.7930022560
2.8021487631
2.8034516006
2.8042496813
2.8002430556
2.8048840905
2.8052054495
2.8015160875
2.8001125802
2.7962509296
2.8001044933
2.7984310425
2.7984236378
2.8015497130
2.7973684591
2.8006922863
2.7988559641
2.7928686365
2.7940522464
2.7896989507
2.7963268275
2.7958490752
2.7924156027
2.7932772352
2.7921285874
2.7892533863
2.7928408615
2.7888683073
2.7879533234
2.7910857910
2.7915426133
2.7937262683
2.7975198867
2.8030984278
2.8068093035
2.8036429722
2.8098053293
2.8029851461
2.8026839466
2.8037940483
2.8028625376
2.8055155886
2.8035587259
2.8010412343
2.8027914246
2.8013178225
2.7955262374
2.8000782185
2.7997752338
2.7990178061
2.8024596232
2.7997826753
2.8029996144
2.8057147238
2.8017508107
2.8011542985
2.7964259131
2.7966063429
2.7961814430
2.7969491096
2.7935713844
2.7940249131
2.7928121884
2.7882240095
2.7939631779
2.7933525199
2.7932153339
2.7958648768
2.7994144685
2.8027974942
2.8036619409
2.8018133879
2.8106503729
2.8037788000
2.8060222877
2.8013182629
2.7993584358
2.7949147137
2.7958169623
2.7989186221
2.8051841382
2.8083124275
2.8054311365
2.7996919921
2.8035816615
2.8055516149
2.8054017877
2.8012669785
2.8014642401
2.8012628817
2.7962536998
2.7991390545
2.8009990456
2.8044221341
2.8039672479
2.8048019646
2.8037510891
2.8008433834
2.8039351761
2.8008980348
2.7966191205
2.7996583885
2.8034337430
2.8065480557
2.8007028488
2.7993023311
2.8002492111
2.7999422124
2.7994381687
2.7987653595
2.8053581784
2.8038850260
2.8059138363
2.8033639769
2.7973573675
2.7954796625
2.7990146319
2.7992913268
2.7960990143
2.7956810559
2.7997519416
2.8013918983
2.8033774682
2.8016999750
2.7998984590
2.7964151016
2.7922159773
2.7922542424
2.7939993543
2.7976951517
2.7987524210
2.7934096447
2.7971643327
2.7965885472
2.7963962578
2.7993566054
2.7953509970
2.7958733342
2.7990320239
2.7980477981
2.8005432208
2.8004619986
2.7931688568
2.7909586140
2.7951101653
2.7954123595
2.7950237364
2.7987034429
2.8003375038
2.8020492098
2.8029310039
2.8011903578
2.8012793760
2.7960638975
2.7964694513
2.7945381021
2.7926579536
2.7909571857
2.7909150581
2.7889411267
2.7928758384
2.7926826842
2.7959796511
2.7976129746
2.7964659416
2.7921971359
2.7904800577
2.7845286279
2.7861766550
2.7886006833
2.7936269831
2.8012089995
2.7993276406
2.7937252538
2.7923641092
2.7955161305
2.7900653180
2.7911099963
2.7955572295
2.7953631921
2.7979804831
2.7945499602
2.7950455868
2.7990697590
2.7943803054
2.7975397527
2.7988172895
2.7983620347
2.8012767230
2.7943010271
2.7951949071
2.7992616284
2.7914687917
2.7949122402
2.7920430040
2.7971716095
2.7935983725
2.7960030372
2.7948800807
2.7989298660
2.7936314971
2.7969877001
2.7959494725
2.7991484557
2.7996806197
2.7933856429
2.7934415274
2.7926070183
2.7953067974
2.8025872745
2.8000274051
2.7934994817
2.7954527577
2.7987924317
2.7925587471
2.7908529407
2.7928735907
2.7934029800
2.7952880439
2.7974514455
2.7951827713
2.7989422288
2.7986120896
2.7929252633
2.7921725133
2.7956425298
2.7924216525
2.7958048788
2.7965142929
2.7944063958
2.7933531731
2.7973722476
2.7977714271
2.7964434758
2.7917909670
2.7934961508
2.7983028328
2.7919665397
2.7919868359
2.7935008699
2.7981990659
2.7982404311
2.8002906951
2.7994322215
2.7943200579
2.7951894843
2.7940591174
2.7971877815
2.7961544025
2.7967977599
2.7975091491
2.7983211747
2.8038973032
2.8007496416
2.7989064143
2.8015369415
2.7952280169
2.7954054868
2.7921590953
2.7950768636
2.7979043533
2.7957271524
2.7993042915
2.7997973242
2.7993103608
2.8060209008
2.8094478782
2.8043365594
2.8033824893
2.8077440474
2.8074538640
2.8060976596
2.8141901805
2.8070948303
2.8061722602
2.8024119026
2.8070595743
2.8065863998
2.8093081797
2.7997284144
2.7944256089
2.7961110733
2.7970262093
2.7960847255
2.7923544249
2.7898792781
2.7914204437
2.7900595262
2.7867474159
2.7868777174
2.7926015196
2.7940503862
2.7919381029
2.7879436768
2.7922218898
2.7884327067
2.7939915400
2.7947962268
2.7931175497
2.7939957988
2.7981924984
2.7977177787
2.7963809916
2.7978463522
2.7955828781
2.7925780760
2.7887422481
2.7893400873
2.7915228219
2.7988534995
2.7962194163
2.7953134143
2.7927276448
2.7898922471
2.7971882423
2.7928000768
2.7996142434
2.8003071661
2.7976158946
2.7997206062
2.7967039124
2.7962374833
2.8004118341
2.7962059330
2.7969497513
2.7976999361
2.8002523021
2.8035040359
2.8040659167
2.8023336323
2.8072510266
2.8015182820
2.7974038747
2.7996007364
2.8031288617
2.7978523946
2.8005894951
2.7976422231
2.8001294644
2.7984019042
2.7994619477
2.7982792302
2.8010359810
2.8041863973
2.8030682579
2.8028713696
2.8019886130
2.8035109285
2.8001074061
2.8018398526
2.8025072074
2.8010000955
2.8014525633
2.8005856885
2.8026972432
2.7992557949
2.7996611914
2.7958289336
2.8003972704
2.7960426815
2.7992157878
2.7979506772
2.7992534896
2.8008420401
2.8021930366
2.8021291430
2.7939583657
2.7941682776
2.7976006773
2.7962129616
2.7970228790
2.7937452887
2.7971201320
2.7981409282
2.7983845414
2.7979386260
2.7980008909
2.7976561540
2.8001490561
2.7990313121
2.7968715160
2.7980856958
2.7984613938
2.7965257637
2.8005810208
2.7959972636
2.7945646112
2.7926116351
2.7910070565
2.7942486935
2.7926341792
2.7929503529
2.7914538292
2.7952063225
2.7977480943
2.7989826470
2.8028725397
2.8062229859
2.8037335361
2.8005689150
2.8002806656
2.8006478207
2.8017110948
2.7984431076
2.8011504344
2.7989787772
2.8027975733
2.8018973255
2.8019084405
2.8005703746
2.7973648104
2.8002469829
2.8023372362
2.7994338593
2.7972128001
2.7961559654
2.7996978053
2.8042070936
2.8010389697
2.7924487993
2.7927912603
2.8013479303
2.8043041793
2.8020155735
2.8017357882
2.8019765780
2.8017595038
2.8052617745
2.7974821925
2.8040977079
2.7970949256
2.7979369487
2.7924800164
2.7879974565
2.7905134549
2.7897567677
2.7971454619
2.7980771630
2.8027229350
2.8010776290
2.8028589009
2.8012961997
2.8076183079
2.8043204386
2.8006661444
2.7993215969
2.7960399618
2.7992344898
2.8010429601
2.8041642124
2.8005761082
2.7945158450
2.7951306762
2.7956119144
2.7900883287
2.7925671083
2.7931024985
2.7945942214
2.7960808364
2.7972986694
2.8022597089
2.7988537432
2.7979196733
2.7998453212
2.7966745824
2.7946402166
2.7905552325
2.7916492493
2.7855106055
2.7872065848
2.7925438844
2.7947828720
2.7890617536
2.7907384228
2.7971359326
2.7952008130
2.7965709747
2.7989005418
2.7988014760
2.8005060192
2.8028551253
2.8026020355
2.7967168934
2.7999176065
2.7942897247
2.7933187413
2.7936799335
2.7913134811
2.7885573845
2.7935996047
2.7941016185
