2.5127067867
2.4983783795
2.5071524579
2.4981922110
2.5029932652
2.5029403920
2.4979930969
2.4985603572
2.4813383409
2.5098143994
2.4981720500
2.5093262296
2.5110602830
2.5000737038
2.5071646924
2.4947896599
2.4902989940
2.5073375409
2.5035251901
2.4994809130
2.5042349931
2.4933918063
2.5026902881
2.4961278866
2.5012541985
2.5030368477
2.4986121550
2.5094520388
2.5045291345
2.4986894459
2.5038462241
2.5023265839
2.5022422671
2.5022471207
2.5068242798
2.5011854966
2.5048161564
2.4964949269
2.5035934297
2.4956158910
2.5086015923
2.5043762819
2.4966735968
2.5046618985
2.5001109319
2.4990602851
2.5035404962
2.5077585884
2.5018556244
2.4981353651
2.4887037898
2.4995069863
2.5107902810
2.4938885908
2.4968526700
2.4985151767
2.5024393448
2.4834103125
2.4945909712
2.5033954208
2.4965554553
2.4945466857
2.4993233685
2.5037080860
2.5002287095
2.4969739287
2.5018361584
2.4977934986
2.5017145764
2.5069030786
2.4962275417
2.5007971796
2.5096249582
2.5050129672
2.4935464261
2.5020604520
2.5013303830
2.4865142888
2.5060017608
2.5056187917
2.5060177718
2.5046482202
2.4916069334
2.5018845644
2.5010649105
2.4920609901
2.4997902218
2.4946247225
2.4903363524
2.4965420920
2.5024533247
2.4972858501
2.5067005574
2.5036604103
2.4953330288
2.5058377132
2.5018303536
2.5067114682
2.5053157170
2.5059408245
2.5038435603
2.4934377178
2.4955244568
2.5006560477
2.4952902619
2.4892950714
2.5007608397
2.5015355968
2.5016350607
2.5003861134
2.4934355096
2.5027917124
2.5090010596
2.5063156841
2.4944127593
2.4976311281
2.4995549110
2.4976718408
2.5023569490
2.4947043856
2.4939081800
2.4888252832
2.5049866278
2.5037186931
2.4970148240
2.4973251033
2.5007484596
2.5036611321
2.5015502541
2.4894055072
2.5024885468
2.4965398455
2.5081192576
2.4940313083
2.5058486249
2.4999628519
2.4967107099
2.5121505333
2.5034479517
2.5051769516
2.5016034594
2.4984391464
2.5010322272
2.4900951771
2.4900829779
2.4995782504
2.5038964574
2.4978122647
2.5024068149
2.4961384654
2.5017340003
2.4991314190
2.4992915087
2.5028566683
2.5018360905
2.5029625954
2.4986168516
2.4976686324
2.5025843186
2.5000342276
2.5001390036
2.5014816023
2.5023992261
2.5028940617
2.5016958186
2.4989221432
2.5057110218
2.4961690551
2.4965444044
2.5003394792
2.5039565972
2.5094977395
2.5029733941
2.4956907151
2.4968048900
2.4969977971
2.4977845295
2.4957763384
2.4944681338
2.5006958488
2.5056674490
2.5115786962
2.5031290653
2.4948769449
2.5063618083
2.4921431552
2.5014535121
2.5018925258
2.4949490716
2.5020271127
2.5049967979
2.5043828408
2.4970872533
2.4987668097
2.4978396856
2.4992155750
2.4925482231
2.5012492474
2.5117975373
2.5007326306
2.5012406718
2.5041147260
2.5003270517
2.5016852719
2.4918111637
2.5097964203
2.5016457392
2.4997631554
2.5022833238
2.5082762068
2.5003522986
2.5025713771
2.5044033229
2.5018222688
2.4980568712
2.4994967247
2.4942280517
2.4992040147
2.5079967056
2.4980537935
2.4980520323
2.5030327255
2.5004820282
2.4943041457
2.4976836509
2.4973857047
2.5121102889
2.4963204033
2.5017123301
2.5025631346
2.5001716363
2.4985611096
2.4960752173
2.4954249637
2.5035986349
2.5061192168
2.5020300691
2.5020183723
2.5010355689
2.4990950463
2.5034239497
2.4903298847
2.4984915677
2.4959803185
2.4930449709
2.5024977471
2.4915629296
2.5038158979
2.4941223493
2.5033191249
2.5078010961
2.5060374073
2.4956838085
2.5053600797
2.4983150049
2.4948392327
2.5054311079
2.5046590068
2.4966965464
2.5047149942
2.5060232544
2.4997965264
2.4987445405
2.5099773370
2.4924314692
2.5062140195
2.4998393318
2.5009068357
2.4912406964
2.5042245462
2.4959822196
2.4978141968
2.5033262155
2.4965788020
2.5051784941
2.5001029092
2.4991112608
2.4904569312
2.5059404974
2.4983498653
2.4986329372
2.5042846672
2.5059465298
2.4951696548
2.5000098829
2.5086022811
2.4992007881
2.4955303866
2.4968937236
2.4944750123
2.4966517459
2.4995437758
2.5046385505
2.4993773863
2.5037965234
2.4939375252
2.5052620422
2.4955645042
2.5021718862
2.5056391482
2.5003573054
2.5026073514
2.5028142440
2.4986963423
2.4975235260
2.4938778488
2.5031238471
2.4940058034
2.4975127224
2.5024758414
2.5050553437
2.5072979584
2.5017438709
2.4992951959
2.4896724466
2.5034359482
2.5041313393
2.5005316365
2.4926237165
2.5022407169
2.4991171354
2.5045402699
2.5159554721
2.5017751102
2.5036105820
2.4987420154
2.5091151079
2.4982310949
2.5144078599
2.5127970408
2.4919488737
2.4996577645
2.5112563293
2.5018617806
2.5078614498
2.4983948995
2.5012796553
2.4960189446
2.5085356784
2.4998380428
2.5032259414
2.5013400123
2.5043274791
2.5096375216
2.5039097844
2.4988454369
2.5014207419
2.4897029829
2.5005051313
2.5019866977
2.4938692134
2.4891472374
2.4960655139
2.5097314889
2.5050106058
2.5055940164
2.5071303171
2.5042331057
2.4944340475
2.4987875469
2.5056593517
2.5029312194
2.4988261532
2.5025405558
2.5050758174
2.4986341694
2.4930041089
2.4971770185
2.4959249820
2.5067034957
2.4907269447
2.4979629634
2.4984594343
2.5018784599
2.5027593835
2.5019111296
2.4967049545
2.4980633434
2.5057687296
2.5016861823
2.5003628628
2.5041701250
2.5029065283
2.4995889305
2.5034834372
2.5008123108
2.4906963218
2.5003883519
2.4967824553
2.5100354195
2.5023012558
2.4990142444
2.5042138446
2.5026477903
2.5026874530
2.4943660881
2.4954525780
2.4944010250
2.4956879978
2.4980310492
2.5156385735
2.5050386601
2.5060303461
2.4967094020
2.4989670307
2.5046949806
2.5021775872
2.5027485778
2.4996149469
2.4977070962
2.4995161340
2.4957792917
2.4973491043
2.5038667287
2.5033222460
2.4996130329
2.5010296656
2.4981681717
2.5020588693
2.4992458447
2.4988624018
2.4979710288
2.4956594065
2.4977523840
2.5026126142
2.4950135793
2.4992972805
2.5134368981
2.5059547662
2.5038750334
2.4949234520
2.5040089315
2.5122424569
2.5044973976
2.5035572064
2.5004652605
2.5059035862
2.4984431751
2.5043713852
2.4949783258
2.5070611667
2.4998082748
2.4977018700
2.4986395362
2.5052595306
2.5010166107
2.5002378836
2.4902370846
2.5058164638
2.5110768539
2.4973612346
2.5034343247
2.4968644498
2.5036960777
2.5020450108
2.4921191251
2.4935290650
2.5028728577
2.4966348298
2.4920711721
2.5060366354
2.4981254948
2.5001173579
2.4890877625
2.4961616730
2.5023429533
2.5025357084
2.5082833085
2.4933018471
2.5077207111
2.5007574358
2.5048884075
2.4934509047
2.4953788710
2.4945435652
2.5040663776
2.4957696930
2.5010190756
2.4969394866
2.4963389051
2.4966806355
2.4995862521
2.4969668456
2.5088145747
2.5108816012
2.5043816508
2.4986413432
2.4979644539
2.5072431252
2.5015567035
2.5104293075
2.4983503822
2.5007278353
2.5004613962
2.5046372943
2.5033024239
2.5014584549
2.5089788929
2.5071395669
2.4927023457
2.4983055887
2.5109566825
2.5071890838
2.4985457296
2.5032908053
2.4996639494
2.4995256331
2.5005266722
2.4983010461
2.4989920285
2.4931632156
2.4978298157
2.4911306550
2.4961219171
2.4980480827
2.5034002275
2.5026718800
2.4933272477
2.4999949147
2.5060750615
2.5102095971
2.4937134400
2.4949102057
2.5013744203
2.4982849681
2.5036570616
2.5022856137
2.4940997805
2.4991191695
2.4948489690
2.4931987542
2.5000711710
2.4958910247
2.5039831985
2.4988462311
2.5129968754
2.4987111525
2.5015341611
2.5011168732
2.5024809574
2.4937271472
2.5019206605
2.5035751202
2.4961873118
2.5060180762
2.5006526529
2.5042047541
2.4959052012
2.5012242686
2.5052575705
2.4965713436
2.5011267158
2.4965195223
2.5004715431
2.4993678258
2.5031412288
2.5051792522
2.4954406979
2.4929680677
2.4994312924
2.4988107036
2.5019971309
2.4923396992
2.4980418129
2.5017037323
2.5039024576
2.5016493471
2.4954244871
2.5031138815
2.5010189909
2.4978328201
2.5015657045
2.4987641496
2.4933030937
2.5027313037
2.5010309271
2.5079811310
2.4975482745
2.4934234841
2.5085270909
2.5000205523
2.5084873274
2.5048814827
2.4972425585
2.4971152766
2.4978589389
2.5039899927
2.5011030670
2.5027913556
2.4941318491
2.4999409265
2.4974885802
2.5076476226
2.5026820500
2.5036538100
2.5054825151
2.5045337215
2.5097729801
2.4885942771
2.5025301109
2.4996737880
2.4977626096
2.5065789276
2.5028151708
2.5031136127
2.5113038388
2.5007339684
2.4984900323
2.5069263175
2.5041698921
2.4954364826
2.5093543539
2.5035684436
2.4959439237
2.5066038925
2.5001886133
2.5002147534
2.5005067282
2.5076911035
2.4990046033
2.4972781630
2.4943821609
2.5021192479
2.4972591001
2.5073987763
2.4961829114
2.5096562978
2.4961027319
2.5015001383
2.4943478932
2.4967120529
2.4992375273
2.5074556312
2.4993036727
2.4949047622
2.5038454495
2.5012673416
2.5076667570
2.5015990563
2.5036313208
2.5008510319
2.4998356003
2.4982696501
2.5042157723
2.4995356401
2.4969171031
2.4907746437
2.5048481834
2.4939514844
2.4915629478
2.5123507000
2.4880150034
2.4882589357
2.5010161407
2.4984267073
2.4949559240
2.5030064072
2.5020061889
2.4969622615
2.4951623342
2.5031406781
2.5003413894
2.4923527419
2.5003732275
2.4953166919
2.4986188297
2.5026840078
2.4986784299
2.5046096460
2.4983376973
2.5007147429
2.5091102736
2.4979557130
2.5081268284
2.4978330016
2.4994873003
2.4973322945
2.5035994828
2.4938588689
2.4818511254
2.5022913692
2.5034111169
2.5045364121
2.5003343174
2.4919908254
2.4972898039
2.5033468847
2.5038619326
2.5055709725
2.4900474356
2.4983913376
2.4963228374
2.5015134278
2.4973319735
2.5002236192
2.4954293092
2.4963284778
2.4948501390
2.4997358458
2.4975963000
2.5059478096
2.4971366317
2.5023865889
2.5013685679
2.5016761301
2.5054836058
2.4998953999
2.5014477496
2.5048308837
2.5008678719
2.4972694178
2.5009988307
2.5000919415
2.4933446642
2.5037596656
2.4970578590
2.4972801838
2.4958814793
2.4981016362
2.4951977526
2.4951275870
2.4944368669
2.5083336121
2.4974462709
2.4952448751
2.4979738412
2.5005781939
2.5016749077
2.5084842344
2.5008392496
2.4973610062
2.5081181249
2.4967865188
2.5006563040
2.5057421224
2.5077089849
2.4938414006
2.5048887623
2.5057888153
2.4905302532
2.4950886230
2.5000076879
2.4927353424
2.4927273594
2.4908266804
2.5039036514
2.5050185165
2.4866617385
2.4910477161
2.5065890388
2.5057328995
2.5135262714
2.5033464021
2.5050678173
2.4943002961
2.5047642358
2.4951742369
2.4981891593
2.4976437404
2.4956467642
2.5008447753
2.4996023307
2.5053110700
2.4921494961
2.5016105009
2.4952069208
2.5012703238
2.5073209850
2.5022186853
2.5105620166
2.4954733879
2.5006594274
2.5079003573
2.5072111301
2.5045721131
2.4967684547
2.5010790267
2.4922423222
2.4969062912
2.5054887035
2.4878688335
2.4900712890
2.5085229445
2.4997773072
2.4943290661
2.4942142274
2.5060602218
2.4949832036
2.5001127874
2.5115367859
2.4952347585
2.4928193267
2.4959121429
2.5070876874
2.5006801186
2.4968062019
2.5054431217
2.5030403487
2.5026381211
2.4990531856
2.4957498625
2.4946755496
2.4960685464
2.5045828835
2.4975077897
2.4932466597
2.4992454535
2.5107325138
2.5064888743
2.5053368542
2.5058352348
2.5059750833
2.4970789516
2.4958505868
2.5184615899
2.4969573553
2.4950799243
2.4998862649
2.5103951153
2.5031618629
2.5007231171
2.5129712514
2.5071087344
2.5024630882
2.4984807042
2.5021023655
2.5001296483
2.4982922843
2.4871954040
2.4987095298
2.5016677347
2.4982650872
2.4942940093
2.4966616697
2.5020922297
2.4952546895
2.4992313619
2.4965456438
2.5006936233
2.4955898541
2.5009101420
2.4936833235
2.4997741712
2.5073031807
2.4914425258
2.4974215815
2.5000764502
2.4881573191
2.5025128109
2.5011632219
2.5039362048
2.5027362229
2.4978662461
2.4972918364
2.5066340264
2.4949898487
2.4942949838
2.5052929457
2.5034600321
2.4984120907
2.4994274285
2.4982212467
2.5028587744
2.4993728957
2.5079850052
2.4973423141
2.5008582628
2.5028984942
2.5016282278
2.4950429694
2.5040924281
2.4970297027
2.5010160293
2.4925756612
2.5018452325
2.5045544109
2.4986146882
2.4966504126
2.5076565452
2.5018178592
2.4983819534
2.4985699545
2.4973989903
2.4955807528
2.4957175601
2.5001050066
2.5056610353
2.5023870504
2.4967916021
2.4971430927
2.5016806725
2.4965826019
2.4959618901
2.4947468693
2.4936941478
2.4964481831
2.5009096715
2.4989300178
2.4913067583
2.4977303893
2.4981720649
2.4984713353
2.4934575490
2.4902400342
2.4993607298
2.5037689617
2.4935637223
2.5067785949
2.5015299708
2.5007592486
2.4930524202
2.4945028059
2.4955586735
2.4944587823
2.4928698800
2.4971692631
2.5004994179
2.4990541910
2.4938660292
2.4954724404
2.5037882737
2.4918478166
2.4984086529
2.5074754347
2.5041054784
2.4988837999
2.5023445899
2.5039461434
2.4984466808
2.5020275290
2.4940163810
2.4978639798
2.4944022754
2.4945852185
2.5014677265
2.5004780101
2.5014595923
2.5021551604
2.5001352262
2.4993554292
2.4950789720
2.4878928546
2.5042536293
2.5134661475
2.5050142675
2.4922247900
2.5060616976
2.4914827769
2.5063886907
2.4999292282
2.5079305692
2.5071435752
2.4935725128
2.5006912077
2.5106568013
2.5004234346
2.5008379584
2.5094491867
2.4959642783
2.5017367097
2.5047358127
2.5040977017
2.4996823933
2.4957046619
2.4913263457
2.5047963136
2.4938475775
2.5012254335
2.5082087504
2.4923505194
2.4929308462
2.5077391712
2.5016608923
2.4950096507
2.5063327805
2.5008589865
2.5003768912
2.5011789307
2.5037976654
2.5050347516
2.5030837193
2.5016900978
2.5009330355
2.4935386125
2.5055705514
2.5060826435
2.4969533559
2.4945456511
2.5083310292
2.5034110000
2.4999235503
2.5024283284
2.5073127385
2.4954635938
2.4973875434
2.5022513560
2.4949671090
2.4994093556
2.5130191803
2.4982909899
