0.0043522811
-0.0072612924
0.0026423030
-0.0056934532
0.0023676938
0.0005780289
0.0007466855
0.0053997432
0.0029306042
-0.0015116354
0.0079492756
0.0010833278
0.0098603050
0.0013132756
-0.0058606846
-0.0063514677
0.0010663911
-0.0009267336
0.0091900021
0.0094019679
0.0058265924
-0.0015101781
-0.0061421582
-0.0087586460
-0.0001004138
-0.0005870894
-0.0005738141
0.0015027553
-0.0036054007
0.0073948967
-0.0102225140
-0.0055439772
0.0017025606
-0.0032234747
-0.0003188628
-0.0004083337
0.0015875341
0.0082586475
0.0035938036
-0.0042813819
-0.0047885702
0.0054233675
-0.0035479647
0.0079614186
-0.0004039005
0.0005934493
0.0018482131
-0.0055640802
0.0034466638
-0.0018981179
0.0029068204
-0.0001570469
0.0050322898
0.0006321173
-0.0018381303
0.0115595060
-0.0071690063
0.0024827886
0.0033881887
0.0035528002
0.0020889575
0.0067202940
0.0012473737
0.0013142116
0.0061200347
0.0053816145
0.0002009804
0.0055080806
0.0014812857
-0.0060398321
-0.0088140468
-0.0039687008
-0.0005856044
0.0013408101
-0.0044320969
0.0015103452
0.0019365240
0.0102163120
0.0030916914
-0.0011292189
0.0008161025
0.0010522228
0.0065339560
-0.0061974746
0.0012641680
0.0028998217
-0.0070729468
-0.0137474939
-0.0010965213
-0.0030912292
0.0053855024
0.0010855212
0.0012691072
-0.0007185518
-0.0069911615
0.0016927945
0.0003088658
0.0055042325
0.0032994663
0.0012798772
-0.0104866055
0.0013070415
0.0017271494
-0.0050902882
0.0018142958
0.0038399920
-0.0080113082
0.0092513438
-0.0027952200
0.0049777066
0.0124569030
0.0035906651
-0.0046260797
0.0020748540
0.0000029394
-0.0001889921
0.0124123747
0.0075791527
-0.0020659267
0.0099162822
-0.0049290186
-0.0023783641
0.0049139035
-0.0051528132
0.0021733522
-0.0068229361
0.0128573513
0.0005749327
-0.0002196116
0.0046501578
-0.0017282757
0.0033484605
0.0053292889
0.0022750896
-0.0012193439
-0.0050408205
-0.0059256666
0.0047140463
-0.0026206898
-0.0029625953
-0.0029962809
-0.0081440566
0.0030484052
-0.0020389143
-0.0029367321
-0.0007113953
-0.0021932603
-0.0062481700
0.0021070881
-0.0060221559
-0.0058409564
0.0016783552
-0.0007679568
0.0063219273
-0.0048282078
-0.0035604457
0.0001117724
0.0035835551
-0.0032471160
0.0042425614
0.0041060858
0.0046867429
0.0032170816
0.0039843509
-0.0040777550
0.0038814358
0.0065592510
-0.0045916390
0.0048896620
0.0078238394
-0.0012463726
0.0013958939
-0.0014264126
-0.0084538350
0.0018149956
0.0055605819
-0.0000615523
-0.0003810919
-0.0013278218
0.0057430473
0.0094903755
0.0025872588
-0.0083919810
0.0041366591
0.0020592313
0.0024617335
-0.0028203451
0.0038790261
-0.0087680113
0.0019996680
0.0008837955
0.0013895058
0.0138974812
-0.0010952171
0.0011283442
0.0050922068
-0.0020464125
-0.0078942653
0.0054352451
-0.0021595331
0.0015128213
0.0015732934
-0.0092657798
0.0004161146
0.0007906236
0.0087413133
0.0025991059
0.0028929103
0.0012342225
0.0049596675
0.0010172370
0.0043187506
-0.0020545609
0.0127882235
-0.0034256319
0.0038901517
-0.0062152004
0.0038333961
-0.0044947088
0.0084707844
-0.0021998126
-0.0030031297
0.0007444115
0.0018992188
0.0072462859
0.0001367771
0.0011230916
-0.0062866784
-0.0020685791
-0.0024610132
-0.0100297471
0.0035536510
-0.0012202027
-0.0027516050
0.0065352891
0.0027774140
-0.0050701395
-0.0040255744
-0.0091824992
-0.0009337797
0.0030303179
-0.0000022920
-0.0006793597
0.0091538251
-0.0004226948
0.0005662649
-0.0053433072
-0.0010248902
-0.0075673318
-0.0016519759
-0.0030544790
0.0056308914
0.0001349357
0.0000269066
0.0011669691
-0.0100979858
-0.0024371539
-0.0003338361
-0.0032551561
0.0033127300
0.0047352055
0.0028969116
0.0064773650
-0.0054822105
-0.0056493225
-0.0023888049
0.0006264610
-0.0036420802
0.0035519912
-0.0003091299
0.0069568473
0.0047656351
-0.0047353775
0.0052065665
-0.0010618607
-0.0033883534
-0.0023382811
-0.0053323449
0.0029604209
-0.0027619984
0.0010457995
-0.0021620366
0.0017024140
0.0011796079
0.0060670744
-0.0034023729
0.0011528758
0.0032230356
-0.0016025697
-0.0037724450
-0.0042145509
-0.0113393107
-0.0067343015
-0.0018932907
-0.0020162361
-0.0116852848
0.0026623546
0.0045863575
0.0028292161
0.0034482026
-0.0019328704
-0.0071989713
0.0034381323
-0.0020456282
-0.0074319698
-0.0042628108
-0.0042533874
0.0014813042
-0.0008181613
0.0015970999
-0.0018767645
0.0046876784
-0.0058983807
-0.0084401787
-0.0036591537
0.0011779075
0.0026382005
0.0042859250
-0.0113904549
-0.0006597467
-0.0124725544
0.0010006867
-0.0018269448
-0.0032927472
0.0000927153
0.0092444635
0.0061176312
0.0058610287
-0.0025256720
0.0023119453
0.0066365607
-0.0018844731
0.0001598263
-0.0039313091
-0.0047668030
0.0003198541
0.0045912580
0.0042879919
-0.0007684445
0.0033102658
-0.0037067727
-0.0001593972
-0.0042262151
0.0068813685
0.0065852791
0.0108409207
0.0032507071
0.0059627702
0.0024014898
0.0009474766
-0.0034856258
-0.0008405127
-0.0011908504
0.0077501205
0.0040231088
-0.0020088162
-0.0011142217
0.0038942805
-0.0001273255
0.0020968922
-0.0024412009
0.0082965593
-0.0011806235
-0.0020735712
-0.0046051504
-0.0038111356
0.0039894051
-0.0042280005
0.0103224673
-0.0050422506
0.0007015308
-0.0034916021
-0.0063872552
0.0031012517
0.0073475206
0.0085620037
0.0000685034
-0.0019930129
0.0032898026
-0.0065745990
0.0006963088
-0.0019628841
0.0019200919
-0.0065561485
-0.0034394438
-0.0024077296
0.0037937244
-0.0012038762
-0.0116574103
-0.0041842825
0.0034060091
0.0030226606
0.0070460442
0.0161109921
0.0059791144
0.0003105638
0.0076140372
0.0065554983
-0.0037887186
0.0030643118
-0.0021840140
0.0011319534
0.0024432005
-0.0048972017
-0.0034037184
0.0026295123
-0.0005840074
0.0055110777
-0.0048957898
-0.0004949784
-0.0043956059
0.0034391337
-0.0021565097
-0.0023205632
-0.0019733011
-0.0063083494
0.0079277346
-0.0075383222
0.0001005015
0.0047911870
-0.0061422381
0.0019339359
0.0085083907
0.0019043008
0.0038741940
-0.0030398477
-0.0095190302
0.0052319894
0.0030155860
-0.0081671775
-0.0018993748
0.0009655873
0.0072676840
0.0040480862
0.0008961421
0.0017273329
0.0062280152
-0.0007892158
0.0029020976
0.0092445888
0.0105351421
0.0030772105
-0.0029883586
-0.0043052193
-0.0018333134
0.0016336684
-0.0034863471
0.0006324391
0.0047050011
0.0044710488
-0.0028452439
-0.0017141103
0.0053811074
0.0037658981
0.0058583740
-0.0013391959
-0.0047908824
-0.0016451879
-0.0006051229
0.0067050081
0.0037939164
-0.0010069901
-0.0006309372
0.0011907944
-0.0013840748
0.0006744463
0.0082349350
-0.0094385791
-0.0018300230
0.0013336862
-0.0027141514
-0.0050755105
0.0025481664
0.0034054223
-0.0057446419
0.0030929302
-0.0004491958
0.0051930686
-0.0012792792
0.0135580101
0.0132310393
-0.0060786341
-0.0042115879
-0.0023612211
-0.0080970848
0.0005374373
0.0004963047
-0.0007478191
0.0017662728
-0.0024444239
-0.0160936192
0.0064209030
0.0004370214
0.0031702146
-0.0064760859
0.0022380142
0.0054033136
0.0101991212
0.0055384584
-0.0059375624
-0.0085972108
0.0108969863
-0.0045893953
-0.0078917585
-0.0026724371
0.0036869036
0.0093297850
-0.0048948888
-0.0034510304
-0.0062763036
-0.0006026677
-0.0045543095
-0.0059066742
0.0038684988
-0.0035568005
0.0008016559
-0.0028184975
0.0010905307
-0.0017419406
-0.0089815482
0.0046673818
0.0079366305
-0.0066893636
-0.0097176645
0.0006210828
-0.0060206321
-0.0064911928
0.0020598011
-0.0052142406
-0.0012667876
0.0008492498
0.0022278507
0.0055328892
-0.0093487017
-0.0058231370
0.0076108326
0.0110906973
0.0033564282
0.0024885897
-0.0075930816
-0.0067888373
0.0024383154
0.0027236945
0.0083393893
-0.0010084586
0.0015694348
-0.0048963324
0.0038696479
-0.0019124761
0.0022079144
0.0003993046
0.0008204668
0.0024061515
0.0036504000
-0.0021668186
-0.0008420255
-0.0014390412
-0.0059049472
-0.0004531169
-0.0034204348
0.0006091019
-0.0070620836
-0.0071058422
-0.0009371088
0.0078280837
-0.0009192370
-0.0107234135
-0.0055643333
-0.0005258952
0.0108598884
-0.0077408009
0.0094583916
0.0038898548
-0.0006815495
0.0053998025
0.0012958006
-0.0004370262
0.0033119563
-0.0044891633
0.0121325715
-0.0033817789
-0.0003073444
-0.0024678988
0.0066580016
-0.0010781749
-0.0014649376
0.0051795176
-0.0028305201
-0.0028242362
0.0088832745
0.0011678990
0.0000882271
0.0000310566
0.0083814073
-0.0042516164
0.0055994947
-0.0083612891
-0.0033144482
-0.0039284095
-0.0027692358
0.0005738155
0.0023344393
-0.0084292077
-0.0008653104
0.0005305649
-0.0019192892
-0.0000839409
0.0020913540
-0.0071605703
0.0039631832
-0.0051739505
0.0043559844
0.0011632334
-0.0045896928
0.0086872732
0.0010857951
-0.0029545288
0.0011282759
-0.0025967790
0.0025415471
0.0036051010
-0.0003634178
0.0065982557
-0.0016283337
-0.0052122700
0.0024452693
-0.0018328510
0.0047956873
0.0075364339
0.0004070373
-0.0132977510
0.0005099229
-0.0009799024
-0.0088821577
-0.0004929396
-0.0023315436
-0.0051898683
-0.0011625976
0.0014521329
0.0046681293
0.0003850320
0.0045293656
0.0026105875
0.0054586634
-0.0022761779
-0.0055545225
0.0026923216
0.0019552512
0.0022160805
0.0024753186
-0.0046764402
-0.0029511086
-0.0002008839
0.0017853869
-0.0087040766
0.0042602327
0.0014148332
-0.0020034210
0.0061362549
0.0005050533
0.0162725396
-0.0001362883
0.0012578422
-0.0119340379
0.0045282311
-0.0009609351
0.0064334431
-0.0000231080
-0.0036614811
0.0041217717
0.0012410209
-0.0036860590
-0.0008278636
0.0113936942
-0.0022454900
-0.0068392144
-0.0018935543
-0.0002272217
0.0042650648
-0.0023424032
0.0015836381
-0.0048677357
0.0049445948
-0.0077773643
0.0020956190
0.0046801146
0.0064988192
-0.0030502592
-0.0037896081
0.0026972344
0.0057688573
-0.0045101519
-0.0036233026
0.0000240954
-0.0073073369
0.0022573135
-0.0105816590
0.0105335455
0.0012589452
0.0000571785
-0.0068981465
0.0001695604
0.0002265334
0.0000481290
-0.0026415809
0.0020918743
-0.0012316967
0.0007206989
-0.0049679930
0.0046254870
0.0041348585
-0.0057831200
-0.0008484463
-0.0050412719
-0.0020310768
-0.0036257419
-0.0020996169
-0.0045373007
-0.0018957839
-0.0019258465
-0.0097383746
-0.0046284192
0.0012410816
0.0021680618
0.0030952086
-0.0058265407
-0.0075764593
0.0066017074
0.0025204198
-0.0003896439
0.0025899994
0.0099221217
0.0010122344
-0.0020698887
-0.0064998753
0.0041688542
0.0028646734
0.0033139303
0.0046134456
-0.0061423148
0.0012626540
-0.0015233993
-0.0007107951
0.0022353456
-0.0072224597
-0.0030802183
-0.0053476714
0.0059422160
0.0024847949
0.0069693466
0.0028649339
0.0040249969
0.0018214864
-0.0036479537
0.0051006504
0.0047186723
0.0014492227
0.0047409399
-0.0033335818
0.0002484990
0.0051659173
0.0090917929
0.0073135718
-0.0026822886
0.0003881099
0.0042265491
0.0141227474
0.0063219651
-0.0128889137
0.0054312393
-0.0007876307
-0.0071663044
0.0032180657
0.0065060760
-0.0081078628
0.0057537656
-0.0041350964
0.0067460540
-0.0163288522
0.0020613512
0.0000157691
-0.0065954442
0.0119970904
-0.0008396409
0.0092614715
0.0006949589
0.0068287827
0.0034927314
0.0028899271
-0.0026797975
0.0022307018
0.0021230844
0.0006384085
0.0006517190
-0.0043914554
-0.0016737729
-0.0046915521
-0.0140218522
0.0016163846
-0.0052493234
-0.0008785524
-0.0014961315
0.0000716404
0.0033362001
0.0031423715
-0.0079106037
0.0054633519
0.0069467341
-0.0077325973
-0.0034947711
-0.0124522054
-0.0068989582
0.0097658300
0.0048893660
0.0028977453
0.0045140758
-0.0053383394
0.0047082875
-0.0021675856
0.0046371201
0.0100296393
0.0059173636
-0.0017372374
0.0013607475
-0.0017186881
-0.0039282421
-0.0040804480
-0.0106768607
0.0061150420
0.0058512804
-0.0083195510
-0.0062225627
-0.0010536205
-0.0019809485
0.0060896296
-0.0001899512
-0.0100413433
-0.0151386626
0.0017765632
-0.0027401175
0.0008861862
0.0023279617
-0.0052667965
-0.0032833408
-0.0014272769
0.0039180192
0.0024798471
-0.0003649712
0.0090871790
0.0028131327
-0.0000901500
0.0003640725
0.0017543060
0.0003200574
-0.0004852694
0.0033249347
-0.0009723142
0.0034838657
-0.0058721748
-0.0019653159
-0.0056115365
0.0056129424
0.0064369386
-0.0039536673
0.0029793840
0.0013925909
-0.0003526497
0.0050562705
-0.0010089255
-0.0020647428
0.0055562414
-0.0009406304
-0.0013960361
0.0004299296
0.0037693066
0.0007212602
0.0114628915
-0.0050286113
0.0076632452
-0.0092780375
-0.0004256941
0.0048858590
0.0001897281
-0.0109663803
-0.0077102310
-0.0018768125
0.0049347175
0.0036222997
0.0079069716
0.0027138345
0.0008896328
0.0077416469
-0.0039663646
-0.0072888527
0.0069135959
-0.0027385942
-0.0004364380
-0.0036069676
0.0075846136
0.0015215313
-0.0003704046
0.0033369591
0.0012093309
-0.0142830820
-0.0025591223
-0.0086337868
0.0018819647
0.0018655590
-0.0069008206
-0.0024232047
-0.0041470912
0.0092746208
-0.0049608848
0.0058682649
0.0023334790
0.0058376504
-0.0064562664
0.0009162819
-0.0049585243
0.0032888638
0.0003655497
-0.0097067063
0.0059235385
-0.0046209819
0.0012614531
-0.0006673913
0.0029977878
0.0039971052
-0.0060571395
0.0011950458
0.0044613541
-0.0015524141
0.0021799606
-0.0056336043
-0.0018809888
-0.0054250274
-0.0028695307
0.0064631903
0.0017963759
-0.0038164542
-0.0025386427
0.0114113459
0.0017762957
-0.0001836639
-0.0075584404
0.0037124550
0.0004510478
-0.0083464974
0.0006643856
0.0000144796
-0.0064180281
-0.0011938035
-0.0081943881
-0.0063880759
-0.0021566906
-0.0025313530
0.0046671651
0.0032477381
-0.0040455134
-0.0047819597
-0.0009786833
-0.0068060918
0.0062387470
-0.0061965757
-0.0009644196
-0.0022719907
-0.0096569087
-0.0025788286
0.0028631960
-0.0026791172
0.0047462385
-0.0028955508
0.0024724535
-0.0030443768
0.0000614038
0.0037084075
0.0060574684
0.0008049024
-0.0040697608
0.0089642727
-0.0003546955
-0.0033594258
0.0001068994
0.0004450472
0.0029340579
0.0003718547
0.0042697986
0.0116681184
-0.0097944279
0.0088393245
0.0061193605
-0.0022001104
-0.0014659279
0.0012729760
-0.0033219048
0.0023647959
-0.0053689647
0.0013958734
0.0049112642
-0.0082535224
